ncl,cltype,maxpix x,maxpix y,maxpix v,Npix,Nvox,WCO21,errWCO21,COmax,xcomass,vel disp,err vel disp,ellipse a,ellipse b,ellipse R,ellipse errR,xcoalphavir,area,perim
1,2,1315,1341,43,1889,1.788e+04,5.178e+05,232.6,28.44,1.197e+06,60.39,2.003,17.51,25.11,29.18,5.143,103,1.286e+04,728.7
2,2,685,1613,24,8640,7.019e+04,1.286e+06,460.9,34.8,2.971e+06,52.71,1.75,39.66,60.61,77.73,15.95,84.19,2.572e+04,1120
3,2,1119,1357,33,1.188e+04,5.694e+04,1.953e+06,415.1,21.1,4.513e+06,50.4,2.033,75.21,57.23,105.2,24.92,68.57,7.664e+04,2930
4,2,762,1669,13,3328,1.629e+04,3.182e+05,222,27.37,7.354e+05,36.69,1.459,37.05,23.55,44.66,10.58,94.66,1.18e+04,833.2
5,2,1169,1434,30,1.291e+04,4.84e+04,1.732e+06,382.8,19.56,4.001e+06,51.36,1.598,66.23,70.65,109.8,24.79,83.82,6.6e+04,2061
6,2,1338,1463,30,4605,1.342e+04,6.415e+05,201.6,18.06,1.483e+06,42.49,1.622,71.23,49.67,95.07,28.25,134.1,3.762e+04,1720
7,2,1059,444,40,4615,2.468e+04,3.813e+05,273.3,34.65,8.813e+05,25.27,0.8299,33.55,26.6,45.26,6.508,37.98,1.143e+04,845.2
8,2,1276,1478,24,1958,7086,2.648e+05,146.5,17.07,6.118e+05,41.63,1.72,33.56,23.88,42.51,13.66,139.5,1.239e+04,797.4
9,2,1459,621,36,6115,1.215e+04,5.718e+05,191.8,24.88,1.321e+06,28.64,1.158,13.15,18.82,18.53,6.983,13.32,6.228e+04,4429
10,2,1136,407,38,1.364e+04,8.49e+04,1.317e+06,506.9,33.54,3.044e+06,40.18,1.399,64.96,30.75,70.48,9.742,43.3,3.702e+04,1810
11,2,1132,1395,29,1904,6220,1.6e+05,137.2,16.55,3.697e+05,28.59,0.8546,29.73,22.45,38.13,9.387,97.66,8897,707.8
12,2,649,1708,14,6310,5.62e+04,9.548e+05,412.4,25.9,2.206e+06,53.24,2.202,30.84,57.07,65.88,26.64,98.03,1.88e+04,863.1
13,2,1322,1404,33,1234,3541,1.18e+05,103.5,16.22,2.728e+05,21.63,0.689,25.27,32.31,42.98,9.637,85.37,8446,707.8
14,2,1131,469,37,9193,3.917e+04,6.262e+05,344.3,28.81,1.447e+06,30.75,1.109,23.59,41.19,47.51,15.37,35.95,2.466e+04,1168
15,2,811,1685,28,1486,1.028e+04,2.243e+05,176.4,20.46,5.183e+05,46.61,1.59,23.29,15.44,25.29,9.313,122.8,6602,468.9
16,2,1060,403,40,9495,3.636e+04,5.285e+05,331.8,31.17,1.221e+06,26.4,1.13,31.42,49.48,61.62,17.98,40.74,2.284e+04,1628
17,2,1279,1432,20,379,847,2.639e+04,50.63,14.61,6.099e+04,15.38,0.4715,12.93,21.07,20.25,2.952,90.9,2096,232.9
18,2,1281,1221,57,2849,8972,5.413e+05,164.8,14.24,1.251e+06,42.49,1.825,40.24,66.73,82.37,20.08,137.7,2.44e+04,1093
19,2,1348,1341,68,870,4507,1.556e+05,116.8,14.03,3.595e+05,46.81,1.986,22.7,29.45,38.16,8.307,269.4,6903,579.4
20,2,661,1627,39,1.089e+04,3.322e+04,1.022e+06,317.1,20.53,2.363e+06,40.06,1.814,29.17,99.7,85.88,29.39,67.57,6.161e+04,3378
21,2,624,1657,39,2330,1.026e+04,1.815e+05,176.2,21.15,4.194e+05,22.19,0.7813,35.46,30.15,50.15,8.189,68.21,7757,797.4
22,2,1221,1325,41,498,1571,2.139e+05,68.96,12.85,4.943e+05,53.97,2.599,35.87,94.78,93.13,61.62,635.7,2.068e+04,1439
23,2,1378,1401,36,883,2044,7.936e+04,78.66,12.77,1.834e+05,16.39,0.5877,21.11,36.73,41.69,10.79,70.68,6308,492.8
24,2,1284,1129,70,1321,3961,2.804e+05,109.5,12.8,6.479e+05,27.34,1.237,27.36,22.91,36.69,5.425,49.02,2.518e+04,1532
25,2,608,1711,42,7328,3.518e+04,5.615e+05,326.3,21.05,1.298e+06,35.32,1.506,32.48,47.4,61.3,14.77,68.26,2.29e+04,1484
26,2,1413,1491,29,178,364,2.145e+04,33.19,12.23,4.958e+04,14.7,0.5753,20.65,11.48,17.78,8.383,89.7,2397,277.7
27,2,1103,954,38,1071,2510,1.882e+05,87.16,13.62,4.35e+05,30.71,1.316,100.3,30.48,88.13,71.85,221.3,1.967e+04,1278
28,2,1067,1279,33,1274,3010,2.735e+05,95.45,12.43,6.32e+05,29.08,1.29,37.96,29.42,51.39,10.38,79.63,1.725e+04,955.7
29,2,1342,1304,64,560,907,1.907e+05,52.4,11.89,4.407e+05,40.49,1.668,35.63,21.52,41.42,10.55,178.4,9345,710.8
30,2,1192,915,59,6748,1.528e+04,1.312e+06,215,13.43,3.033e+06,55.13,2.437,30.49,63.85,69.52,15.73,80.69,6.605e+04,3010
31,2,507,1864,13,1.011e+04,4.852e+04,6.05e+05,383.2,24.84,1.398e+06,47.25,2.099,21.13,39.42,43.48,11.25,80.41,2.279e+04,1744
32,2,1311,1547,17,202,278,2.45e+04,29.01,11.72,5.662e+04,11.72,0.4978,37.8,15.57,35.28,22.89,99.08,3503,397.2
33,2,1181,907,37,2192,3472,3.166e+05,102.5,13.03,7.316e+05,27.39,1.243,40.41,62.04,79.46,25.16,94.4,2.28e+04,1177
34,2,1537,1651,33,1390,2235,1.797e+05,82.25,12.51,4.152e+05,20.56,0.9181,97.26,30.78,87.17,37.2,102.7,2.052e+04,1192
35,2,1398,529,35,2304,4466,7.399e+04,116.3,18.38,1.71e+05,8.089,0.268,53.89,23.65,55.29,17.55,24.51,7342,522.6
36,2,999,817,42,3071,9497,4.133e+05,169.5,14.67,9.55e+05,32.53,1.418,26.61,50.5,56.93,19.21,73.05,3.255e+04,2306
37,2,1165,393,57,4441,2.5e+04,3.142e+05,275.1,22.6,7.262e+05,55.05,2.185,16.34,71.57,52.73,43.58,254.8,1.048e+04,904.9
38,2,1234,1252,73,338,600,1.924e+05,42.62,11.11,4.447e+05,44.55,2.022,49.24,18.17,45.32,21.49,234.2,1.266e+04,797.4
39,2,1338,1596,18,147,214,2.035e+04,25.45,11.58,4.703e+04,14.72,0.5452,13.4,31.15,28.15,20.15,150.2,2850,373.3
40,2,1138,597,61,1838,6597,1.434e+05,141.3,17.01,3.314e+05,30.21,1.24,21.86,39.26,44.24,14.56,141.1,7855,669
41,2,577,1863,42,2.335e+04,1.711e+05,2.185e+06,719.6,21.15,5.05e+06,57.87,2.458,86.52,71.16,126.3,30.49,97.02,5.41e+04,1878
42,2,1357,441,37,1.099e+04,2.814e+04,4.556e+05,291.8,20.24,1.053e+06,21.97,0.9279,104.1,25.88,82.52,70.93,43.83,3.284e+04,2025
43,2,1108,487,43,9406,4.552e+04,7.627e+05,371.2,19.56,1.763e+06,41.07,1.8,32.19,54.14,65.53,13.23,72.61,3.29e+04,2147
44,2,1007,1056,37,318,961,4.179e+04,53.93,12.27,9.657e+04,15.01,0.5845,23.48,14.65,24.47,7.615,66.1,3137,274.8
45,2,634,1802,34,1837,5484,9.119e+04,128.8,18.81,2.107e+05,18,0.6987,24.29,18.76,29.9,6.623,53.26,5719,540.5
46,2,998,1224,45,1422,2354,3.286e+05,84.41,11.39,7.595e+05,28.01,1.368,37.52,53.35,70.56,18.19,84.43,3.876e+04,2410
47,2,1120,978,38,727,1302,1.388e+05,62.78,11.7,3.208e+05,16.25,0.5685,35.46,58,71.58,18.08,68.27,1.585e+04,922.8
48,2,1220,1609,23,652,972,6.309e+04,54.24,10.97,1.458e+05,18.04,0.6613,26.16,18.37,30.98,9.109,80.12,5962,468.9
49,2,1143,642,48,7740,2.355e+04,8.182e+05,267,15.07,1.891e+06,37.96,1.694,45.57,76.87,94.58,33.16,83.47,3.923e+04,1792
50,2,1199,1034,39,270,353,9.401e+04,32.69,10.97,2.172e+05,17.03,0.7202,69.88,23.33,63.23,19.73,97.81,1.349e+04,1027
51,2,1460,1987,61,407,872,4.355e+04,51.37,14.57,1.006e+05,13.76,0.6088,14.04,36.16,32.11,24.7,69.99,4178,415.1
52,2,1093,799,45,3516,6416,5.548e+05,139.4,13.04,1.282e+06,36.61,1.682,78.85,35.26,83.88,25.61,101.5,3.249e+04,1431
53,2,1444,1895,57,799,1665,9.416e+04,70.99,12.99,2.176e+05,15.06,0.5954,51.08,24.42,54.64,18.47,65.95,1.234e+04,1129
54,2,767,972,51,557,846,3.764e+04,50.6,13.27,8.699e+04,9.952,0.3666,16.05,37.57,35.82,15.48,47.23,3378,316.6
55,2,576,1488,40,4528,1.041e+04,2.577e+05,177.5,14.95,5.956e+05,35.2,1.694,41.05,102.1,103.8,32.95,250.1,2.153e+04,1278
56,2,1124,1307,63,113,114,2.819e+05,18.58,9.668,6.514e+05,42.32,1.763,116.1,37.11,105.2,49.54,335,2.865e+04,1448
57,2,1376,1454,45,60,60,6.417e+04,13.48,9.489,1.483e+05,20.18,0.8145,61.79,15.51,47.15,46.56,150,7053,630.1
