ncl,cltype,maxpix x,maxpix y,maxpix v,Npix,Nvox,lumco,errlumco,COmax,mlumco,errmlumco,meansigv,errsigv,a,b,R,errR,area,perim
0,1,685,1613,24,8.539e+04,5.056e+05,1.098e+08,1237,34.8,1.071e+08,1.071e+07,92.32,4.671,262.8,103.5,267.5,68.82,3.282e+05,1.273e+04
1,1,685,1613,24,7.87e+04,4.918e+05,1.011e+08,1220,34.8,9.858e+07,9.858e+06,89.74,4.458,259.9,102.4,264.6,76.72,2.816e+05,1.085e+04
2,1,685,1613,24,6.895e+04,4.604e+05,8.423e+07,1181,34.8,8.212e+07,8.212e+06,90.13,4.523,263.1,103.8,268,69.03,2.128e+05,8571
3,1,685,1613,24,6.203e+04,4.194e+05,7.227e+07,1127,34.8,7.046e+07,7.046e+06,90.63,4.936,264.9,101.8,266.4,90.77,1.758e+05,6887
4,1,685,1613,24,5.565e+04,3.629e+05,5.863e+07,1048,34.8,5.716e+07,5.716e+06,89.49,5.035,259.5,101.6,263.4,97.59,1.418e+05,6373
5,1,685,1613,24,3.512e+04,2.429e+05,3.818e+07,857.4,34.8,3.722e+07,3.722e+06,88.36,4.836,242.3,85.91,233.9,95.42,8.129e+04,4244
6,1,685,1613,24,1.912e+04,1.528e+05,2.398e+07,680.1,34.8,2.338e+07,2.338e+06,55.63,2.284,119.1,92.63,169.8,50.21,4.504e+04,2246
7,1,685,1613,24,3.622e+04,2.654e+05,4.21e+07,896.4,34.8,4.105e+07,4.105e+06,88.9,4.913,259.2,96.11,255.9,151.1,8.42e+04,4079
8,1,685,1613,24,1.836e+04,1.452e+05,2.231e+07,663.1,34.8,2.176e+07,2.176e+06,55.7,2.297,119.6,92.38,169.9,43.04,4.216e+04,2216
9,1,685,1613,24,1.361e+04,1.138e+05,1.767e+07,586.9,34.8,1.722e+07,1.722e+06,54.3,2.288,29.02,101.7,86.52,60.37,3.06e+04,1523
10,1,685,1613,24,1.174e+04,1.008e+05,1.609e+07,552.6,34.8,1.569e+07,1.569e+06,51.92,2.074,28.43,101.7,85.6,58.46,2.618e+04,1230
11,1,685,1613,24,1.049e+04,7.998e+04,1.366e+07,492.2,34.8,1.332e+07,1.332e+06,50.38,2.027,28.25,100.2,84.67,62.58,2.339e+04,1123
12,1,685,1613,24,3.527e+04,2.442e+05,3.839e+07,859.8,34.8,3.743e+07,3.743e+06,88.39,4.841,242.8,85.87,234.1,90.7,8.171e+04,4226
13,1,507,1864,13,2260,1.64e+04,2.859e+06,223.1,24.84,2.787e+06,2.787e+05,31.99,1.289,17.45,33.21,34.94,13.51,5039,391.2
14,1,1315,1341,43,4.48e+04,1.840e+05,1.059e+08,746.5,28.44,1.032e+08,1.032e+07,131,6.602,20.93,30.97,37.44,10.98,3.921e+05,1.125e+04
15,1,762,1669,13,4485,2.616e+04,3.742e+06,281.6,27.37,3.648e+06,3.648e+05,52.59,2.569,56.29,15.84,45.23,26.99,1.052e+04,863.1
16,2,680,1692,13,177,348,5.937e+04,34.32,17.44,5.789e+04,5789,10.54,0.4863,6.406,8.346,nan,1.146,394.7,116.5
17,1,1315,1341,43,4.462e+04,1.837e+05,9.378e+07,745.7,28.44,9.143e+07,9.143e+06,127.6,6.43,20.46,30.74,36.76,7.296,3.392e+05,1.011e+04
18,1,1315,1341,43,4.436e+04,1.833e+05,8.756e+07,745,28.44,8.537e+07,8.537e+06,127.1,6.299,20.67,30.8,37.04,2.71,3.154e+05,1.006e+04
19,1,1315,1341,43,4.456e+04,1.836e+05,8.996e+07,745.6,28.44,8.771e+07,8.771e+06,127.2,6.322,20.69,30.82,37.07,5.764,3.264e+05,1.014e+04
20,1,1315,1341,43,4.428e+04,1.832e+05,8.234e+07,744.8,28.44,8.028e+07,8.028e+06,126.8,6.18,20.58,30.82,36.96,2.922,3.059e+05,1.054e+04
21,1,1315,1341,43,4.427e+04,1.832e+05,7.244e+07,744.8,28.44,7.063e+07,7.063e+06,124.8,6.036,20.4,30.84,36.77,11.01,2.532e+05,8664
22,1,1315,1341,43,4.427e+04,1.832e+05,7.114e+07,744.8,28.44,6.936e+07,6.936e+06,124.6,5.982,20.5,30.81,36.87,7.86,2.45e+05,8180
23,1,1315,1341,43,3.869e+04,1.679e+05,5.732e+07,713.1,28.44,5.589e+07,5.589e+06,123.5,5.825,19.67,30.69,35.85,6.735,1.891e+05,6316
24,1,1315,1341,43,3.869e+04,1.679e+05,5.531e+07,713.1,28.44,5.392e+07,5.392e+06,123.4,5.817,19.31,30.62,35.39,7.212,1.851e+05,6570
25,1,1315,1341,43,4.427e+04,1.832e+05,6.609e+07,744.8,28.44,6.444e+07,6.444e+06,124.1,5.885,19.78,30.77,36.03,6.067,2.306e+05,8174
26,1,1119,1357,33,3.457e+04,1.43e+05,4.365e+07,658.1,21.1,4.256e+07,4.256e+06,69.32,2.87,144.1,61.98,152.6,63.64,1.523e+05,5187
27,1,1119,1357,33,3.526e+04,1.441e+05,4.508e+07,660.4,21.1,4.396e+07,4.396e+06,69.31,2.869,146.5,62.34,154.4,65.32,1.592e+05,5510
28,1,1119,1357,33,3.448e+04,1.429e+05,3.96e+07,657.7,21.1,3.861e+07,3.861e+06,69.39,2.877,137.8,58.62,145.1,77.29,1.389e+05,5137
29,1,1315,1341,43,4.427e+04,1.832e+05,6.698e+07,744.8,28.44,6.53e+07,6.53e+06,124.7,5.997,19.93,30.78,36.2,9.69,2.345e+05,8350
30,1,1315,1341,43,3.835e+04,1.673e+05,5.245e+07,711.8,28.44,5.114e+07,5.114e+06,115.6,5.354,18.86,30.48,34.76,4.314,1.733e+05,6182
31,1,1315,1341,43,4.427e+04,1.832e+05,7.332e+07,744.8,28.44,7.149e+07,7.149e+06,124.8,6.047,20.53,30.89,36.95,11.22,2.569e+05,8903
32,2,663,1648,11,399,1153,1.568e+05,60.12,16.83,1.528e+05,1.528e+04,14.19,0.6924,13.06,7.969,nan,5.257,889.7,152.3
33,1,762,1669,13,3738,2.264e+04,3.143e+06,262,27.37,3.065e+06,3.065e+05,48.14,2.469,54.87,16.54,45.7,32.88,8335,654
34,2,762,1669,13,1758,7109,1.19e+06,147.1,27.37,1.161e+06,1.161e+05,17.05,0.7253,27.12,16.92,30.04,14.31,3920,340.5
35,1,685,1613,24,7551,4.279e+04,8.514e+06,360.1,34.8,8.301e+06,8.301e+05,39.63,1.776,25.06,91.77,75.93,63.6,1.684e+04,1078
36,1,649,1708,14,1766,1.003e+04,2.075e+06,174.6,25.9,2.023e+06,2.023e+05,33.86,1.707,14.02,25.67,25.31,12.81,3938,391.2
37,2,649,1708,14,1499,8009,1.676e+06,156.1,25.9,1.634e+06,1.634e+05,24.12,1.073,14.03,29.44,27.94,17.2,3342,358.4
38,2,507,1864,13,886,3186,7.022e+05,98.83,24.84,6.846e+05,6.846e+04,17.59,0.8331,9.019,18.27,11.19,6.653,1976,271.8
39,1,1119,1357,33,3.46e+04,1.431e+05,4.377e+07,658.2,21.1,4.268e+07,4.268e+06,69.33,2.871,144.3,62.04,152.8,64.83,1.532e+05,5223
40,1,1315,1341,43,4.427e+04,1.832e+05,6.734e+07,744.8,28.44,6.566e+07,6.566e+06,124.6,5.975,19.95,30.86,36.29,9.826,2.351e+05,8311
41,1,1119,1357,33,3.359e+04,1.408e+05,3.675e+07,653,21.1,3.583e+07,3.583e+06,67.75,2.831,136,59.48,145.2,66.69,1.268e+05,4760
42,2,1268,1492,16,37,37,5.169e+04,15.37,9.808,5.039e+04,5039,13.97,0.6396,9.888,6.055,nan,2.732,653.3,137.4
43,1,1119,1357,33,3.341e+04,1.406e+05,3.402e+07,652.5,21.1,3.317e+07,3.317e+06,67.78,2.835,137.3,59.17,145.4,60.21,1.188e+05,4677
44,1,1315,1341,43,4.011e+04,1.703e+05,5.881e+07,718,28.44,5.734e+07,5.734e+06,123.8,5.88,19.68,30.69,35.86,6.967,2.005e+05,6920
45,2,1154,1802,13,67,67,7.698e+04,18.09,10.04,7.505e+04,7505,nan,nan,30.28,8.516,19.26,3.234,2569,361.4
46,1,1119,1357,33,3.292e+04,1.401e+05,3.272e+07,651.3,21.1,3.19e+07,3.19e+06,62.89,2.684,136,58.61,144,64.58,1.12e+05,4235
47,1,1119,1357,33,3.339e+04,1.406e+05,3.375e+07,652.4,21.1,3.29e+07,3.29e+06,62.87,2.684,136.3,58.91,144.6,62.61,1.183e+05,4686
48,1,1119,1357,33,3.286e+04,1.4e+05,2.955e+07,651.1,21.1,2.881e+07,2.881e+06,59.84,2.6,136.8,56.83,142.2,56.95,1.04e+05,4501
49,1,1119,1357,33,3.158e+04,1.37e+05,2.863e+07,644.1,21.1,2.792e+07,2.792e+06,59.82,2.596,135.7,56.58,141.3,50.19,9.813e+04,3918
50,1,1119,1357,33,3.123e+04,1.364e+05,2.324e+07,642.8,21.1,2.266e+07,2.266e+06,59.8,2.582,135.7,54.83,139.1,74.31,8.537e+04,3745
51,1,1119,1357,33,3.073e+04,1.349e+05,2.26e+07,639,21.1,2.203e+07,2.203e+06,59.65,2.558,134.1,53.74,136.9,38.58,8.297e+04,3557
52,2,1338,1596,18,147,214,3.27e+05,27.79,11.58,3.188e+05,3.188e+04,16.23,0.5834,14.57,33.77,31.46,21.89,4183,453.9
53,1,685,1613,24,4812,2.315e+04,4.867e+06,264.9,34.8,4.745e+06,4.745e+05,30.01,1.2,20.86,38.13,42.32,13.52,1.073e+04,758.6
54,2,1311,1547,17,202,278,2.641e+05,31.08,11.72,2.575e+05,2.575e+04,11.73,0.5017,37.83,15.27,34.87,17.24,3396,382.3
55,2,1151,1655,17,94,94,2.037e+05,20.22,9.935,1.987e+05,1.987e+04,9.604,0.318,13.75,24.08,23.76,7.976,3802,474.8
56,2,633,1668,18,253,389,4.481e+04,36.08,13.18,4.369e+04,4369,7.236,0.3643,6.315,8.273,nan,1.777,564.1,128.4
57,2,1213,1418,22,0,0,9.396e+04,11.15,8.403,9.161e+04,9161,15.82,0.7461,28.85,7.101,15.2,11.18,1244,232.9
58,2,1355,1467,19,18,18,7.082e+04,13.37,9.096,6.905e+04,6905,10.03,0.4376,13.56,10.63,8.42,3.815,1200,206.1
59,1,1119,1357,33,2.998e+04,1.327e+05,1.849e+07,633.8,21.1,1.802e+07,1.802e+06,41.88,1.942,136.7,55.54,140.6,79.49,7.275e+04,3321
60,1,1119,1357,33,2.841e+04,1.288e+05,1.66e+07,624.5,21.1,1.618e+07,1.618e+06,41.85,1.935,136.7,54.08,138.7,35.15,6.624e+04,3312
61,1,1276,1478,24,2242,7742,9.722e+05,153.5,17.07,9.479e+05,9.479e+04,21.82,0.8967,19.96,23.11,30.14,7.06,5088,480.8
62,1,1119,1357,33,2.76e+04,1.27e+05,1.564e+07,620,21.1,1.525e+07,1.525e+06,41.85,1.934,130.7,51.33,132,33.64,6.287e+04,3267
63,2,1279,1432,20,371,827,9.911e+04,51.26,14.61,9.663e+04,9663,6.721,0.2415,8.459,12.56,nan,5.633,827.2,140.4
64,1,1364,1492,25,87,160,1.792e+05,24.67,9.73,1.747e+05,1.747e+04,19.15,0.8819,12.48,7.654,nan,7.444,1556,262.8
65,2,1378,1489,22,0,0,5.43e+04,11.15,8.652,5.294e+04,5294,8.666,0.3706,18.41,6.287,nan,70.6,691.2,164.3
66,2,1276,1478,24,1798,6579,8.15e+05,141.6,17.07,7.946e+05,7.946e+04,16.89,0.6878,19.55,22.72,29.38,7.253,4009,394.2
67,2,811,1685,28,793,4372,6.662e+05,115.6,20.46,6.495e+05,6.495e+04,29.16,1.269,15.29,10.69,11.02,6.516,1768,235.9
68,2,1220,1609,23,652,972,4.217e+05,55.37,10.97,4.111e+05,4.111e+04,13.94,0.6299,22.04,14.69,23.35,9.981,3898,358.4
69,2,750,1632,23,204,466,5.561e+04,39.18,13.4,5.422e+04,5422,8.594,0.3548,6.445,8.44,nan,0.9949,454.9,116.5
70,2,514,1900,21,250,516,1.116e+05,41.06,22.76,1.088e+05,1.088e+04,6.994,0.3001,8.246,8.478,nan,0.996,557.4,122.4
71,1,1119,1357,33,2.571e+04,1.184e+05,1.427e+07,598.7,21.1,1.392e+07,1.392e+06,37.98,1.686,45.77,88.53,102,36.1,5.811e+04,3028
72,2,685,1613,24,1709,6435,1.69e+06,140,34.8,1.647e+06,1.647e+05,15.49,0.6994,21.05,21.51,29.77,2.033,3811,456.9
73,2,1458,1742,25,151,260,7.346e+05,30.19,10.22,7.162e+05,7.162e+04,13.78,0.6115,20.26,72.98,59.96,18.74,9722,967.6
74,2,634,1708,24,502,1607,3.254e+05,70.63,21.62,3.173e+05,3.173e+04,12.28,0.5648,9.557,16.24,9.998,7.209,1119,182.2
75,1,1459,621,36,8437,1.663e+04,1.035e+07,224.6,24.88,1.009e+07,1.009e+06,34.25,1.342,13.51,19.78,19.89,1.823,9.117e+04,4217
76,1,1119,1357,33,2.023e+04,9.818e+04,1.173e+07,545.2,21.1,1.144e+07,1.144e+06,34.88,1.619,47.65,91.3,105.8,25.3,4.511e+04,2049
77,1,1119,1357,33,1.756e+04,7.808e+04,9.696e+06,486.3,21.1,9.454e+06,9.454e+05,34.95,1.636,42.9,85.01,96.57,43.99,3.916e+04,2234
78,1,1119,1357,33,9309,3.728e+04,5.172e+06,336.1,21.1,5.043e+06,5.043e+05,31.45,1.459,40.56,73.55,87.01,28.13,2.076e+04,1619
79,1,1119,1357,33,8729,3.573e+04,4.969e+06,329,21.1,4.845e+06,4.845e+05,31.43,1.455,40.56,73.66,87.09,26.62,1.946e+04,1431
80,1,1119,1357,33,1.130e+04,4.738e+04,6.359e+06,378.9,21.1,6.2e+06,6.2e+05,33.31,1.575,37.23,79.53,86.67,45.6,2.521e+04,1813
81,1,1119,1357,33,5279,1.954e+04,2.843e+06,243.5,21.1,2.772e+06,2.772e+05,29.97,1.437,40.26,28.77,52.44,19.16,1.177e+04,961.6
82,2,1119,1357,33,3611,1.267e+04,1.933e+06,196.1,21.1,1.885e+06,1.885e+05,30.02,1.452,39.45,27.91,50.98,17.77,8052,701.8
83,2,1198,1553,26,0,0,7.824e+04,11.15,8.197,7.628e+04,7628,7.318,0.3848,16.02,13.52,16.19,12.32,1766,292.7
84,1,576,1488,40,4528,1.041e+04,2.946e+06,177.8,14.95,2.873e+06,2.873e+05,35.2,1.693,40.8,101.9,103.3,34.61,2.191e+04,1278
85,2,1169,1434,30,1465,6362,9.375e+05,139.2,19.56,9.141e+05,9.141e+04,22.52,1.018,21.24,20.35,28.84,2.379,3267,340.5
86,2,1364,1492,25,87,160,8.279e+04,24.67,9.73,8.072e+04,8072,10.35,0.4535,12.33,8.328,nan,10.24,722.4,134.4
87,2,1413,1491,29,178,364,2.533e+05,35.02,12.23,2.469e+05,2.469e+04,14.76,0.5832,20.69,11.44,17.75,10.54,2560,283.7
88,1,1059,444,40,7.933e+04,3.701e+05,1.231e+08,1058,34.65,1.2e+08,1.2e+07,91.56,5.055,61.88,112.1,134.2,59.79,4.306e+05,1.512e+04
89,1,1459,621,36,6115,1.215e+04,8.331e+06,192.1,24.88,8.123e+06,8.123e+05,31.52,1.238,13.43,19.49,19.52,3.689,7.63e+04,3984
90,2,556,1384,29,1265,3227,6.512e+05,99.46,13.42,6.349e+05,6.349e+04,19.11,0.8831,20.05,28.95,34.98,8.261,4952,430
91,1,577,1863,42,1.518e+04,8.092e+04,1.259e+07,495,21.15,1.228e+07,1.228e+06,49.27,2.356,86.37,72.46,127.4,24.45,3.385e+04,2019
92,1,1059,444,40,6.091e+04,3.204e+05,8.27e+07,984.9,34.65,8.064e+07,8.064e+06,84.97,4.947,62.32,109.4,133.1,60.94,2.874e+05,1.124e+04
93,2,1339,1369,27,37,37,4.335e+04,15.37,9.449,4.227e+04,4227,4.999,0.1523,15.7,8.211,5.505,11.02,796,131.4
94,2,1341,1522,26,70,70,5.689e+04,18.33,9.89,5.547e+04,5547,5.374,0.2396,8.853,14.13,4.496,20.22,909.7,182.2
95,2,1369,1530,28,182,212,1.416e+05,27.68,10.22,1.381e+05,1.381e+04,10.31,0.4319,11.74,14.93,12.37,6.086,1866,262.8
96,2,663,1646,28,413,685,1.62e+05,46.88,24.43,1.58e+05,1.58e+04,7.007,0.3023,6.715,14.1,nan,11.48,920.9,203.1
97,2,674,1719,28,217,592,7.538e+04,43.77,12.21,7.35e+04,7350,10.37,0.4466,7.874,13.13,nan,5.843,582,137.4
98,1,577,1863,42,8387,4.22e+04,6.784e+06,357.6,21.15,6.614e+06,6.614e+05,40.32,1.9,30.21,55.97,64.48,28.98,1.87e+04,934.8
99,1,577,1863,42,1.024e+04,4.924e+04,7.944e+06,386.2,21.15,7.746e+06,7.746e+05,40.23,1.88,31.01,77.67,77.8,16.35,2.283e+04,1281
100,1,1488,712,38,1731,2702,3.393e+06,91.12,11.36,3.308e+06,3.308e+05,29.27,1.313,99.57,82.08,145.9,35.93,3.489e+04,2751
101,2,1419,754,35,700,1374,1.606e+06,65.45,11.3,1.566e+06,1.566e+05,22.21,0.9472,83.51,29.66,78.97,22.56,1.666e+04,1338
102,2,1132,1395,29,430,850,1.284e+05,51.93,16.55,1.252e+05,1.252e+04,8.687,0.3799,14.48,10.55,9.67,9.99,958.8,164.3
103,2,1235,1450,29,751,1136,1.381e+05,59.69,12.79,1.347e+05,1.347e+04,7.062,0.3165,27.48,9.215,18.95,6.095,1675,289.7
104,1,1338,1463,30,5024,1.606e+04,1.89e+06,220.8,18.06,1.842e+06,1.842e+05,18.83,0.8058,64.81,40.76,81.67,26.27,1.124e+04,967.6
105,1,1338,1463,30,3942,1.247e+04,1.515e+06,194.6,18.06,1.477e+06,1.477e+05,18.8,0.7987,28.67,52.82,60.75,26.13,8790,686.9
106,1,1185,1497,35,1467,3507,4.132e+05,103.6,11.65,4.029e+05,4.029e+04,19.33,0.9075,39.63,14.04,34.06,24.43,3449,367.3
107,2,1177,1506,27,497,826,1.158e+05,51.23,11.6,1.129e+05,1.129e+04,7.045,0.3139,11.5,10.18,nan,32.77,1365,194.1
108,1,1059,444,40,5.862e+04,2.956e+05,6.505e+07,945.9,34.65,6.342e+07,6.342e+06,74.37,4.145,87.77,231.8,231.2,165.1,2.306e+05,1.102e+04
109,1,1059,444,40,5.39e+04,2.781e+05,5.75e+07,917.6,34.65,5.607e+07,5.607e+06,73.34,4.087,58.95,106.3,127.5,50.42,1.779e+05,7281
110,1,1059,444,40,3.977e+04,2.411e+05,3.867e+07,854.4,34.65,3.77e+07,3.77e+06,72.64,3.966,60.02,108.1,129.8,40.18,9.937e+04,3987
111,1,1059,444,40,5.566e+04,2.846e+05,5.912e+07,928.1,34.65,5.764e+07,5.764e+06,73.45,4.093,59.94,107.6,129.3,53.98,1.85e+05,7804
112,2,1130,1456,30,697,1250,1.339e+05,62.51,11.48,1.305e+05,1.305e+04,7.082,0.3201,13.47,10.69,8.386,3.481,1554,244.9
113,2,1338,1463,30,1189,2422,3.518e+05,86.34,18.06,3.43e+05,3.43e+04,12.13,0.5362,15.68,25.27,27.14,7.572,2651,337.5
114,2,1158,1487,30,893,1653,1.821e+05,71.61,11.61,1.776e+05,1.776e+04,8.83,0.4077,26.98,12.44,24.01,6.424,1991,277.7
115,1,1537,1651,33,1401,2246,2.816e+06,83.2,12.51,2.745e+06,2.745e+05,21.81,0.913,110.6,43.67,111.6,65.5,2.804e+04,1457
116,1,1059,444,40,3.738e+04,2.258e+05,3.615e+07,826.9,34.65,3.524e+07,3.524e+06,71.46,4.025,61.7,101.8,127.6,44.43,9.207e+04,3646
117,1,1059,444,40,2.925e+04,1.898e+05,2.932e+07,758,34.65,2.859e+07,2.859e+06,70.44,3.632,67.94,106.8,137.4,52.97,6.573e+04,2485
118,1,1059,444,40,2.88e+04,1.814e+05,2.831e+07,741.1,34.65,2.76e+07,2.76e+06,70.43,3.633,70.77,115.9,146.2,35.52,6.454e+04,2479
119,1,1059,444,40,2.713e+04,1.597e+05,2.532e+07,695.3,34.65,2.469e+07,2.469e+06,64.74,3.279,69.11,95.54,130.9,43.12,6.064e+04,2431
120,1,1059,444,40,2.567e+04,1.404e+05,2.305e+07,652.1,34.65,2.247e+07,2.247e+06,62.93,3.183,70.17,95.1,131.6,44.89,5.724e+04,2553
121,1,1459,621,36,4384,9446,2.746e+06,169.5,24.88,2.677e+06,2.677e+05,19.93,0.7956,13.13,18.72,18.43,6.369,2.549e+04,1693
122,1,1459,621,36,3856,8808,1.513e+06,163.7,24.88,1.475e+06,1.475e+05,17.13,0.8003,11.95,17.85,15.91,6.891,1.199e+04,1102
123,1,1459,621,36,3392,8252,1.246e+06,158.4,24.88,1.215e+06,1.215e+05,17.14,0.8037,11.56,17.59,15.07,6.688,9178,875
124,1,1315,1341,43,3097,2.329e+04,7.079e+06,265.8,28.44,6.902e+06,6.902e+05,78.02,3.8,18.79,30.42,34.65,3.745,1.393e+04,845.2
125,2,1378,1401,36,883,2044,5.191e+05,79.44,12.77,5.061e+05,5.061e+04,15.33,0.6424,20.03,32.31,37.41,15.65,3815,382.3
126,1,1059,444,40,2.231e+04,1.152e+05,1.998e+07,590.6,34.65,1.948e+07,1.948e+06,44.03,1.853,71.12,97.17,134,43.43,4.975e+04,2386
127,1,1059,444,40,1.802e+04,8.273e+04,1.571e+07,500.5,34.65,1.532e+07,1.532e+06,31.44,1.198,78.56,42.68,92.47,30.56,4.018e+04,2323
128,1,1357,441,37,1.026e+04,2.666e+04,4.402e+06,284.3,20.24,4.292e+06,4.292e+05,20.32,0.8543,107.7,25.97,84.16,78.02,2.842e+04,1780
129,2,1175,479,37,1842,4455,5.205e+05,116.7,15.29,5.075e+05,5.075e+04,15.73,0.7341,12.57,28.57,25.27,13.31,4127,453.9
130,2,1459,621,36,849,2498,4.151e+05,87.67,24.88,4.047e+05,4.047e+04,15.15,0.6275,9.416,14.63,7.323,4.93,1893,274.8
131,2,1488,712,38,1013,1310,9.96e+05,63.95,11.36,9.711e+05,9.711e+04,23.82,1.017,27.87,40.76,51.88,13.26,9249,848.2
132,1,1315,1341,43,3090,2.329e+04,5.758e+06,265.7,28.44,5.614e+06,5.614e+05,75.71,3.829,17.46,29.32,32.28,11.28,1.132e+04,698.8
133,1,1315,1341,43,2168,1.849e+04,3.774e+06,236.8,28.44,3.679e+06,3.679e+05,67.91,3.147,15.63,26.46,27.97,10.74,7088,561.5
134,1,1315,1341,43,2256,1.873e+04,3.892e+06,238.4,28.44,3.794e+06,3.794e+05,68.18,3.198,15.74,26.38,28.04,11.49,7441,585.3
135,2,1315,1341,43,1757,1.761e+04,3.166e+06,231.1,28.44,3.087e+06,3.087e+05,46.54,1.486,15.31,22.69,24.66,2.105,5218,415.1
136,2,1102,1423,31,545,1286,1.713e+05,63.38,14.11,1.67e+05,1.67e+04,8.743,0.3867,10.26,16.04,11.16,4.307,1215,197.1
137,2,1583,1649,34,134,134,3.369e+05,23.02,9.59,3.285e+05,3.285e+04,12.32,0.5766,14.9,47.85,39.67,29.21,5552,567.4
138,2,1537,1651,33,1256,2101,7.105e+05,80.52,12.51,6.928e+05,6.928e+04,13.59,0.5564,26.31,43.24,51.92,19.66,6457,498.7
139,2,572,1722,31,734,1361,1.569e+05,65.14,13.91,1.53e+05,1.53e+04,6.897,0.2803,9.308,16.75,10.08,12.95,1677,289.7
140,1,1059,444,40,1.608e+04,7.381e+04,1.441e+07,472.8,34.65,1.405e+07,1.405e+06,29.88,1.151,78.17,43.05,92.64,41.72,3.585e+04,2138
141,1,1059,444,40,1.223e+04,5.739e+04,1.195e+07,416.9,34.65,1.165e+07,1.165e+06,26.84,1.069,71.27,44.71,90.06,27.51,2.726e+04,1511
142,2,1357,441,37,5220,1.48e+04,1.904e+06,211.9,20.24,1.857e+06,1.857e+05,18.7,0.792,53.79,21.24,52.05,32.28,1.164e+04,863.1
143,2,1390,683,32,463,463,1.27e+05,39.06,10.81,1.238e+05,1.238e+04,5.151,0.1829,18.87,13.72,19.34,6.783,2165,280.7
144,2,1007,1056,37,318,961,5.951e+05,55.07,12.27,5.803e+05,5.803e+04,16.28,0.576,24.02,15.43,25.86,7.151,4406,343.4
145,2,1067,1279,33,1274,3010,7.15e+05,96.1,12.43,6.971e+05,6.971e+04,21.24,1.04,34.61,22.65,41.97,11.19,5088,495.8
146,2,1322,1404,33,546,1010,1.469e+05,56.4,16.22,1.432e+05,1.432e+04,6.896,0.2775,10.67,13.34,8.127,3.016,1217,191.1
147,2,1256,1440,33,620,796,8.782e+04,50.34,11.81,8.563e+04,8563,7.048,0.313,22.54,8.523,14.05,6.93,1382,238.9
148,1,1136,407,38,4615,2.112e+04,4.963e+06,253.1,33.54,4.839e+06,4.839e+05,22.1,0.9238,29.37,39.93,52.81,17.6,1.029e+04,851.1
149,2,1425,597,33,336,417,5.423e+04,37.24,13.72,5.288e+04,5288,nan,nan,9.195,12.52,nan,25.39,802.7,134.4
150,2,1252,1393,35,214,330,8.044e+04,33.51,10.57,7.843e+04,7843,8.848,0.4131,13.28,8.265,nan,8.951,1084,182.2
151,2,1281,1447,35,668,1387,1.509e+05,65.75,12.25,1.472e+05,1.472e+04,10.5,0.4761,21.56,9.065,14.36,16.43,1489,238.9
152,1,624,1657,39,1.805e+04,7.162e+04,1.102e+07,465.7,21.15,1.074e+07,1.074e+06,30.44,1.271,36.13,80.6,85.94,30.27,4.975e+04,2783
153,2,705,1458,36,1282,3552,6.572e+05,104.3,12.86,6.408e+05,6.408e+04,18.67,0.7793,33.06,19.47,37.29,16.54,4515,462.9
154,1,576,1488,40,3263,7182,1.445e+06,147.9,14.95,1.409e+06,1.409e+05,20.77,0.9207,28.58,69.63,70.35,15.35,1.182e+04,925.8
155,2,634,1802,34,928,2179,3.278e+05,81.97,18.81,3.196e+05,3.196e+04,8.61,0.3633,18.68,14.94,20.67,5.269,2069,265.8
156,1,577,1863,42,5577,1.68e+04,3.032e+06,225.8,21.15,2.957e+06,2.957e+05,26.97,1.392,11.1,25.35,20.81,12.9,1.244e+04,943.7
157,2,525,1897,38,1797,6335,1.064e+06,138.9,20.06,1.038e+06,1.038e+05,19.32,0.9068,26.16,15.39,27.45,9.945,4007,346.4
158,2,1398,529,35,2322,4484,9.414e+05,117,18.38,9.179e+05,9.179e+04,8.098,0.2698,49.78,23.99,53.34,22.09,8787,603.3
159,2,1408,616,33,404,420,5.689e+04,37.36,14.54,5.547e+04,5547,nan,nan,9.011,18.16,11.05,15.97,900.8,185.2
160,1,999,817,42,1.401e+04,3.406e+04,1.782e+07,321.3,14.67,1.737e+07,1.737e+06,62.78,2.921,145.5,68.16,160.9,71.52,7.74e+04,3560
161,2,1133,1317,35,597,1756,2.242e+05,73.75,13.61,2.186e+05,2.186e+04,16.01,0.786,10.57,11.64,3.855,6.525,1331,215
162,2,576,1488,40,1985,3982,4.707e+05,110.3,14.95,4.589e+05,4.589e+04,16.17,0.8231,26.22,48.1,54.98,12.78,4426,680.9
163,2,1185,1497,35,473,1014,1.117e+05,56.51,11.65,1.09e+05,1.09e+04,7.148,0.3372,9.043,13.11,1.718,30.08,1055,170.2
164,2,1440,452,38,2253,4837,6.04e+05,121.5,15.9,5.889e+05,5.889e+04,11.95,0.4932,22.53,12.95,21.47,5.096,5024,516.7
165,2,1131,469,37,1025,2886,7.369e+05,94.13,28.81,7.185e+05,7.185e+04,12.16,0.5416,12.45,25.45,22.95,6.058,2285,259.8
166,2,1118,516,35,1476,2777,4.125e+05,92.36,16.67,4.022e+05,4.022e+04,12.28,0.568,26.23,10.42,20.3,17.99,3291,442
167,1,999,817,42,2520,8904,1.599e+06,164.5,14.67,1.559e+06,1.559e+05,24.18,1.069,20.66,39.75,43.12,16.08,7563,516.7
168,1,1103,954,38,1901,3888,2.837e+06,109.1,13.62,2.766e+06,2.766e+05,16.95,0.6963,85.61,32.28,83.62,29.74,3.194e+04,2401
169,1,1103,954,38,1892,3879,2.262e+06,108.9,13.62,2.205e+06,2.205e+05,15.43,0.6586,85.34,31.43,82.32,46.35,2.523e+04,2114
170,1,1103,954,38,1618,3522,1.401e+06,103.8,13.62,1.366e+06,1.366e+05,15.16,0.6059,54.2,36.43,70.05,23.57,1.394e+04,1320
171,1,1103,954,38,1613,3517,1.294e+06,103.8,13.62,1.262e+06,1.262e+05,13.56,0.5495,53.58,36.29,69.48,21.96,1.226e+04,1141
172,1,624,1657,39,1.557e+04,6.097e+04,8.664e+06,429.7,21.15,8.448e+06,8.448e+05,26.14,1.197,35.51,79.63,84.63,31.55,3.897e+04,2335
173,1,624,1657,39,1.469e+04,5.646e+04,7.946e+06,413.5,21.15,7.747e+06,7.747e+05,26.13,1.196,34.47,79.26,83.11,26.58,3.609e+04,2365
174,1,624,1657,39,1.398e+04,5.319e+04,7.428e+06,401.4,21.15,7.243e+06,7.243e+05,26.06,1.18,34.04,78.94,82.41,27.06,3.327e+04,2201
175,2,1136,407,38,1581,5887,1.642e+06,134,33.54,1.601e+06,1.601e+05,13.92,0.6293,28.54,17.6,31.89,7.94,3525,364.3
176,2,1219,536,40,1482,3434,5.193e+05,102.6,12.94,5.064e+05,5.064e+04,15.79,0.738,14.8,27.05,27.35,14.3,4330,453.9
177,2,999,817,42,1314,4188,5.049e+05,113.1,14.67,4.923e+05,4.923e+04,19.49,0.9459,15.12,26.94,27.67,15.14,2930,286.7
178,1,1192,915,59,1.148e+04,2.513e+04,1.085e+07,276,13.43,1.058e+07,1.058e+06,57.82,2.729,31.46,70.09,74.26,38.57,5.404e+04,3073
179,1,1192,915,59,1.009e+04,2.248e+04,9.914e+06,261.1,13.43,9.666e+06,9.666e+05,57.96,2.759,31.05,69.56,73.46,38.3,4.85e+04,2739
180,1,1192,915,59,7646,1.831e+04,5.727e+06,235.7,13.43,5.584e+06,5.584e+05,58.07,2.786,27.68,65.12,66.72,30.74,2.91e+04,1756
181,1,1192,915,59,7217,1.756e+04,4.781e+06,230.8,13.43,4.661e+06,4.661e+05,52.67,2.502,28.82,65.48,68.37,34.71,2.505e+04,1445
182,1,1192,915,59,7994,1.873e+04,6.042e+06,238.4,13.43,5.891e+06,5.891e+05,58.04,2.78,26.91,64.7,65.51,20.55,3.14e+04,1947
183,1,1192,915,59,6891,1.668e+04,4.393e+06,225,13.43,4.283e+06,4.283e+05,52.71,2.511,27.82,65.26,66.99,15.48,2.359e+04,1398
184,1,1181,907,37,1844,3053,8.001e+05,96.77,13.03,7.801e+05,7.801e+04,15.7,0.7204,28.54,39.43,51.61,12.82,7565,677.9
185,1,1192,915,59,6746,1.617e+04,4.069e+06,221.5,13.43,3.967e+06,3.967e+05,52.73,2.514,29.32,67.73,70.26,21.57,2.291e+04,1433
186,2,1103,954,38,891,2220,5.18e+05,82.73,13.62,5.051e+05,5.051e+04,10.43,0.4681,30.35,14.54,29.26,13.5,4170,394.2
187,1,624,1657,39,9869,3.671e+04,5.308e+06,333.5,21.15,5.176e+06,5.176e+05,24.19,1.07,30.38,76.36,76.29,26.67,2.201e+04,1663
188,1,624,1657,39,8452,2.945e+04,4.426e+06,298.8,21.15,4.316e+06,4.316e+05,22.63,1.038,29.35,77.51,75.51,46.35,1.885e+04,1595
189,2,1193,838,38,310,381,1.359e+05,35.74,10.38,1.325e+05,1.325e+04,10.5,0.478,13.66,37.16,32.11,9.692,2156,325.5
190,2,1181,907,37,1323,2370,3.618e+05,85.43,13.03,3.528e+05,3.528e+04,8.718,0.3866,14.58,21.01,22.35,4.401,3815,400.2
191,2,1053,980,36,9,9,4.427e+04,12.31,8.817,4.317e+04,4317,5.258,0.214,9.912,15.13,9.28,10.93,704.6,125.4
192,2,1120,978,38,722,1297,6.373e+05,63.64,11.7,6.214e+05,6.214e+04,10.49,0.4807,26.09,53.46,58.09,18.67,6453,612.2
193,2,1199,1034,39,270,353,3.613e+05,34.54,10.97,3.522e+05,3.522e+04,12.17,0.5451,21.88,49.05,50.25,26.4,5086,513.7
194,1,624,1657,39,2903,9166,1.53e+06,166.9,21.15,1.492e+06,1.492e+05,13.87,0.6134,42.45,19.37,43.16,27.31,6473,674.9
195,2,661,1627,39,1941,6184,1.044e+06,137.3,20.53,1.017e+06,1.017e+05,13.9,0.6188,26.61,17.87,30.77,4.493,4328,519.6
196,1,928,1754,41,760,862,2.131e+06,52.28,11.85,2.077e+06,2.077e+05,23.63,0.9795,61.26,147.2,153.4,41.57,2.531e+04,1873
197,2,564,1821,37,1038,1336,2.604e+05,64.56,21.13,2.539e+05,2.539e+04,8.824,0.4051,14.35,28.54,27.78,15.51,2314,415.1
198,1,1059,444,40,3318,1.198e+04,2.805e+06,190.7,34.65,2.735e+06,2.735e+05,16.9,0.6882,24.3,43.75,49.99,13.84,7398,564.4
199,2,1098,1010,38,5,5,4.757e+04,11.81,8.788,4.638e+04,4638,nan,nan,10.48,16.4,12,7.115,1026,170.2
200,1,1028,1380,41,462,497,4.802e+05,40.36,9.782,4.682e+05,4.682e+04,12.29,0.5672,37.66,12.38,30.37,8.755,6361,746.6
201,2,1028,1380,41,192,223,1.577e+05,28.27,9.782,1.538e+05,1.538e+04,10.59,0.4949,12.32,9.992,3.868,10.59,1775,265.8
202,2,624,1657,39,638,1698,3.001e+05,72.55,21.15,2.926e+05,2.926e+04,8.666,0.3725,16.15,13.11,15.78,2.754,1423,188.1
203,1,452,1828,47,2266,1.088e+04,1.835e+06,181.8,20.43,1.789e+06,1.789e+05,26.31,1.234,46.81,14.69,38.82,31.22,5053,492.8
204,2,1157,443,41,385,592,7.889e+04,43.77,15.03,7.691e+04,7691,8.718,0.3826,11.94,8.781,nan,4.456,858.4,170.2
205,2,1059,444,40,783,2012,5.466e+05,78.83,34.65,5.329e+05,5.329e+04,10.31,0.434,19.2,12.05,17.35,10.42,1746,241.9
206,2,1151,887,38,531,683,1.015e+05,46.81,10.77,9.899e+04,9899,7.105,0.3287,13.3,16.74,16.68,9.058,1467,191.1
207,2,1555,909,44,107,124,1.572e+06,22.35,9.324,1.533e+06,1.533e+05,23.78,1.013,92.57,49.92,109.1,45.82,2.375e+04,1735
208,2,755,1506,42,1809,3100,3.466e+05,97.51,12.47,3.379e+05,3.379e+04,12.29,0.5706,20.19,43.21,44.66,18.03,4121,555.5
209,2,749,1582,40,386,741,1.254e+05,48.65,12.02,1.223e+05,1.223e+04,10.46,0.469,14.2,8.016,nan,25.6,1356,230
210,2,445,1823,43,1202,2862,5.251e+05,93.74,20.11,5.12e+05,5.12e+04,12.46,0.6073,44.6,11.44,32.22,31.64,2680,415.1
211,2,1060,403,40,1190,2308,6.326e+05,84.32,31.17,6.168e+05,6.168e+04,10.51,0.4791,13.88,37.43,32.6,9.504,2653,349.4
212,2,1108,487,43,1976,4743,7.068e+05,120.3,19.56,6.891e+05,6.891e+04,15.64,0.7027,23.15,15.51,25.28,10.19,4406,543.5
213,2,993,762,39,371,557,6.804e+04,42.55,12.97,6.634e+04,6634,5.369,0.2375,6.477,16.74,nan,16.27,827.2,149.3
214,1,1192,915,59,5794,1.312e+04,3.247e+06,199.6,13.43,3.166e+06,3.166e+05,45.6,2.15,16,37.07,35.45,17.91,2.091e+04,1529
215,2,998,1224,45,1422,2354,1.441e+06,85.14,11.39,1.405e+06,1.405e+05,17.04,0.72,25.76,48.45,54.65,21.78,1.142e+04,654
216,2,1221,1325,41,498,1571,2.712e+05,69.85,12.85,2.644e+05,2.644e+04,13.75,0.5917,19.38,12.61,18.31,4.583,1764,241.9
217,2,1039,1332,41,270,274,1.905e+05,30.88,9.742,1.858e+05,1.858e+04,5.265,0.2119,26.2,18.62,31.29,9.957,3106,403.2
218,2,1376,1454,45,60,60,7.214e+05,17.49,9.489,7.034e+05,7.034e+04,20.18,0.8138,62.14,15.53,47.32,48.02,7086,627.2
219,2,608,1711,42,1558,3887,6.729e+05,109,21.05,6.561e+05,6.561e+04,15.89,0.7605,12.19,29.12,25.06,16.5,3474,394.2
220,1,1143,642,48,7652,2.339e+04,4.662e+06,266.3,15.07,4.545e+06,4.545e+05,36.41,1.654,37.2,45.59,64.58,22.63,2.364e+04,1493
221,2,1093,799,45,2087,3725,6.863e+05,106.8,13.04,6.691e+05,6.691e+04,22.82,1.08,62.19,25.82,62.71,17.71,7017,761.5
222,2,994,910,43,167,277,3.518e+05,31.03,10.74,3.43e+05,3.43e+04,15.59,0.6962,16.69,12.11,14.96,2.397,3750,430
223,2,947,1322,44,0,0,1.93e+05,11.15,8.685,1.881e+05,1.881e+04,10.63,0.5092,42.71,11.06,30.63,20.92,3824,492.8
224,2,592,1513,41,399,632,7.425e+04,45.14,13.42,7.239e+04,7239,5.161,0.1852,10.85,13.08,8.047,4.517,889.7,143.3
225,2,928,1754,41,311,404,7.053e+04,36.7,11.85,6.877e+04,6877,5.119,0.1762,13.96,10.56,8.906,7.618,1041,167.2
226,2,577,1863,42,1151,2021,4.123e+05,79,21.15,4.02e+05,4.02e+04,12.37,0.5852,10.31,31.58,23.46,18.56,2566,364.3
227,2,1152,820,47,3779,9078,1.322e+06,166.1,12.77,1.289e+06,1.289e+05,35.24,1.692,14.48,41.26,35.61,9.562,9603,940.7
228,2,565,1725,43,632,1142,1.491e+05,59.84,15.6,1.453e+05,1.454e+04,6.995,0.3002,11.96,11.29,6.812,5.661,1409,244.9
229,2,563,1787,44,804,1497,2.557e+05,68.23,19.37,2.493e+05,2.493e+04,10.55,0.4862,36.67,11.22,27.87,13.41,1793,334.5
230,2,872,1455,47,54,54,5.402e+05,16.96,9.251,5.267e+05,5.267e+04,24.5,1.156,24.04,13.95,24,12,4838,451
231,2,620,1622,42,338,384,5.279e+04,35.87,14.48,5.147e+04,5147,nan,nan,11.9,6.037,nan,2.176,753.6,140.4
232,2,948,1761,43,230,230,4.115e+04,28.64,10.84,4.013e+04,4013,nan,nan,16.77,10.63,12.67,8.131,862.9,155.3
233,1,1165,393,57,2031,1.052e+04,1.654e+06,178.8,22.6,1.612e+06,1.612e+05,42.46,1.796,13.24,39.19,32.57,25.78,4529,445
234,2,1110,531,46,2737,6490,8.654e+05,140.6,15.76,8.438e+05,8.438e+04,23.13,1.145,27.07,14.16,26.5,12.52,6103,546.5
235,1,1143,642,48,6077,2.05e+04,2.98e+06,249.3,15.07,2.905e+06,2.905e+05,29.57,1.349,34.88,42.46,60.02,18.32,1.53e+04,1081
236,2,1110,867,45,273,396,9.499e+04,36.37,11.65,9.261e+04,9261,7.048,0.3165,15.13,8.59,5.758,13.38,1088,179.2
237,2,1129,1354,44,0,0,5.021e+04,11.15,7.87,4.896e+04,4896,5.225,0.2021,9.065,14.36,5.81,14.93,1032,176.2
238,2,452,1828,47,592,1290,2.476e+05,63.47,20.43,2.414e+05,2.415e+04,10.48,0.4697,7.528,12.72,nan,10.11,1320,191.1
239,2,1143,642,48,1790,5899,7.406e+05,134.1,15.07,7.221e+05,7.221e+04,22.79,1.072,13.99,19.8,20.53,6.927,3991,456.9
240,1,1143,642,48,2437,7191,8.864e+05,148,15.07,8.642e+05,8.642e+04,24.31,1.099,14.43,19.9,21.18,6.451,5434,624.2
241,1,1015,1512,47,113,113,7.883e+05,21.59,9.453,7.686e+05,7.686e+04,12.19,0.5447,96.11,27,80.92,21.24,1.494e+04,1183
242,2,1154,363,50,373,1109,2.005e+05,59,20.15,1.955e+05,1.955e+04,14.07,0.6617,9.547,7.471,nan,1.986,831.7,152.3
243,2,1186,670,49,1770,3484,3.942e+05,103.3,12.73,3.843e+05,3.843e+04,14.03,0.6512,51.29,7.988,27.79,44.51,3947,597.3
244,2,1337,1318,53,105,238,1.043e+05,29.06,10.38,1.017e+05,1.017e+04,15.77,0.7352,10.1,7.691,nan,2.306,680.1,137.4
245,2,1015,1512,47,45,45,4.273e+04,16.14,9.453,4.166e+04,4166,nan,nan,10.3,29.39,22.13,20.25,1115,218
246,2,767,972,51,557,846,1.002e+06,51.82,13.27,9.774e+05,9.774e+04,13.63,0.5733,61.93,36.26,74.99,15.8,1.155e+04,994.5
247,1,1207,1267,51,0,0,2.528e+05,11.15,8.668,2.465e+05,2.465e+04,15.48,0.6688,41.69,14.52,35.91,30.27,2863,397.2
248,2,1010,1489,47,68,68,4.606e+04,18.17,9.389,4.491e+04,4491,nan,nan,10.67,23.98,19.13,11.52,1137,185.2
249,2,1040,768,52,1421,2652,8.156e+05,90.29,12.18,7.952e+05,7.952e+04,17.66,0.8489,21.94,40.92,45.41,16.51,7597,916.8
250,2,1171,1248,53,0,0,8.812e+04,11.15,8.628,8.592e+04,8592,13.91,0.6342,14.12,10.19,8.371,7.573,1155,179.2
251,2,1207,1267,51,0,0,1.422e+05,11.15,8.668,1.387e+05,1.387e+04,10.28,0.426,17.52,12.1,15.8,6.352,1452,197.1
252,2,1119,432,50,349,531,7.072e+04,41.61,15.28,6.896e+04,6896,5.122,0.1777,12.18,11.51,7.759,3.92,778.2,164.3
253,2,1180,600,54,1028,1943,2.178e+05,77.49,12.68,2.124e+05,2.124e+04,13.98,0.6423,7.585,14.24,nan,19.28,2366,355.4
254,1,1124,1307,63,113,114,2.816e+06,21.66,9.668,2.745e+06,2.745e+05,33.05,1.507,115,35.71,102.7,55.17,2.715e+04,1514
255,2,1326,1391,50,0,0,5.831e+04,11.15,7.696,5.685e+04,5685,14.11,0.6795,5.37,24,5.502,45.17,1115,227
256,1,1027,1372,55,12,12,1.018e+06,12.67,8.868,9.923e+05,9.923e+04,19.16,0.8725,42.71,53.3,75.53,16.24,1.318e+04,1087
257,2,1077,1342,51,1,1,1.18e+05,11.28,8.699,1.151e+05,1.151e+04,10.61,0.5006,16.31,30.59,31.75,12.56,2517,453.9
258,1,1281,1221,57,4161,1.292e+04,6.108e+06,198.1,14.24,5.955e+06,5.955e+05,43.9,2.093,36.06,81.54,86.37,43.49,2.851e+04,1601
259,1,1281,1221,57,4161,1.292e+04,4.146e+06,198.1,14.24,4.042e+06,4.042e+05,44.01,2.123,34.26,77.57,81.93,44.23,2.016e+04,1281
260,2,1180,807,57,387,863,1.633e+05,52.31,11.56,1.592e+05,1.592e+04,8.81,0.4029,12,14.55,12.29,2.674,1643,253.8
261,2,1027,1372,55,11,11,1.93e+05,12.55,8.868,1.882e+05,1.882e+04,7.093,0.3232,14.41,36.52,32.87,16.2,2647,382.3
262,2,1165,393,57,778,2782,5.146e+05,92.44,22.6,5.018e+05,5.018e+04,17.35,0.7938,17.11,10.92,13.54,6.451,1735,235.9
263,2,1153,692,57,500,859,9.877e+04,52.2,12.88,9.63e+04,9631,8.643,0.3674,15.11,9.456,8.201,6.448,1115,188.1
264,1,1281,1221,57,2845,8967,1.599e+06,165.1,14.24,1.559e+06,1.559e+05,35.21,1.709,26.1,49.22,55.54,17.8,9102,863.1
265,2,1444,1895,57,799,1665,1.801e+06,71.86,12.99,1.756e+06,1.756e+05,16.93,0.7059,58.68,26.62,61.79,31.84,2.209e+04,1899
266,2,1138,597,61,1499,4743,5.904e+05,120.3,17.01,5.756e+05,5.756e+04,19.33,0.9149,13.13,26.31,24.55,14.3,3342,301.6
267,1,1192,915,59,1520,3333,6.41e+05,101.1,13.43,6.249e+05,6.249e+04,15.55,0.6949,18.07,48.49,44.78,33.31,5427,582.4
268,1,1192,915,59,1172,2746,4.322e+05,91.85,13.43,4.214e+05,4.214e+04,13.91,0.6303,12.04,32.45,26.88,13.87,3501,388.2
269,2,1192,915,59,845,1820,2.563e+05,75.05,13.43,2.499e+05,2.499e+04,10.69,0.5297,11.59,24.32,20.84,5.977,2364,325.5
270,1,1281,1221,57,2389,7897,9.955e+05,155,14.24,9.706e+05,9.706e+04,24.43,1.127,35.8,22.89,43.07,11.54,5860,603.3
271,2,1281,1221,57,1954,6589,7.487e+05,141.7,14.24,7.3e+05,7.3e+04,21,0.9789,16.31,32.33,32.91,15.87,4357,448
272,2,1460,1987,61,407,872,7.333e+05,52.57,14.57,7.15e+05,7.15e+04,16.72,0.6694,16.01,43.12,38.91,8.378,6080,546.5
273,2,1180,881,60,423,926,1.173e+05,54.1,11.7,1.144e+05,1.144e+04,8.806,0.4016,10.92,13.67,9.178,4.752,1093,182.2
274,2,1124,1307,63,101,102,6.744e+05,20.81,9.668,6.575e+05,6.575e+04,18.96,0.8381,46.18,15.47,39.71,15.43,6230,576.4
275,2,1179,944,59,299,538,1.03e+05,41.87,12.24,1.004e+05,1.004e+04,6.809,0.2589,10.95,12.98,8.085,6.038,996.7,149.3
276,2,1239,1213,58,0,0,3.677e+04,11.15,8.593,3.585e+04,3585,8.864,0.419,6.771,9.198,nan,2.388,421.4,131.4
277,1,1342,1304,64,499,833,2.466e+05,51.44,11.89,2.404e+05,2.404e+04,19.15,0.8735,25.04,9.425,17.7,12.26,1929,271.8
278,2,1348,1341,68,870,4507,8.362e+05,117.3,14.03,8.153e+05,8.153e+04,25.06,0.9922,16.36,24.59,27.44,8.016,2990,313.6
279,2,1182,983,64,429,755,2.645e+05,49.09,10.87,2.579e+05,2.579e+04,13.69,0.5771,12.7,22.16,20.81,5.578,2105,241.9
280,2,1342,1304,64,317,481,6.491e+04,39.75,11.89,6.328e+04,6328,8.89,0.4306,7.888,6.29,nan,1.296,807.2,164.3
281,2,1296,1171,62,325,791,9.683e+04,50.18,11.16,9.441e+04,9441,8.867,0.417,10.04,11.69,nan,126,851.8,167.2
282,2,1317,1208,64,423,1196,1.311e+05,61.19,12.19,1.278e+05,1.278e+04,10.44,0.4674,7.888,14.6,nan,35.13,943.2,173.2
283,2,1309,1032,65,9,9,5.742e+05,12.31,8.851,5.598e+05,5.598e+04,21.39,1.065,48.13,25.74,54.44,14.59,8526,764.5
284,2,1317,1310,65,144,281,3.959e+04,31.22,10.72,3.86e+04,3861,7.063,0.3171,8.459,7.251,nan,0.9573,394.7,95.57
285,1,1234,1252,73,338,600,9.637e+05,44.05,11.11,9.396e+05,9.396e+04,25.96,1.178,52.75,16.32,44.32,26.8,7409,630.1
286,2,1327,1277,69,7,7,8.427e+04,12.06,8.854,8.217e+04,8217,15.82,0.7457,19.95,5.629,nan,46.59,903,176.2
287,2,1274,1276,72,44,44,1.589e+05,16.05,9.697,1.549e+05,1.549e+04,15.83,0.7527,13.03,9.09,1.673,33.1,2118,304.6
288,1,1284,1129,70,1312,3952,6.387e+05,109.9,12.8,6.227e+05,6.227e+04,15.74,0.7372,22.08,17.02,26.13,4.695,4103,513.7
289,2,1284,1129,70,886,3267,4.535e+05,100.1,12.8,4.421e+05,4.422e+04,15.64,0.7152,21.4,15.82,24.17,3.919,2401,295.7
290,2,1234,1252,73,294,556,3.949e+05,42.51,11.11,3.851e+05,3.851e+04,20.73,0.9344,27.2,13.89,26.23,8.296,3188,424.1
291,2,1292,1069,70,426,685,9.802e+04,46.88,11.69,9.557e+04,9557,8.793,0.4023,9.346,28.89,20.08,21.75,1217,241.9
