ncl,cltype,maxpix x,maxpix y,maxpix v,Npix,Nvox,lumco,errlumco,COmax,mlumco,errmlumco,meansigv,errsigv,a,b,R,errR,area,perim
1,2,1315,1342,39,2321,2.571e+04,7.814e+06,206.8,27.07,1.051e+07,1.051e+06,81.55,3.474,18.28,29.88,33.66,10.29,2.558e+04,1672
2,2,1121,1362,31,7897,3.194e+04,1.024e+07,230.5,15.79,1.377e+07,1.377e+06,45.6,1.977,74.54,37.68,84.33,24.96,5.715e+04,2694
3,2,1164,1430,26,3915,1.901e+04,5.02e+06,178,13.81,6.752e+06,6.752e+05,40.86,1.375,44.49,33.9,60.62,19.13,2.51e+04,1407
4,2,1285,1481,20,1772,7516,2.136e+06,112.2,12.8,2.873e+06,2.873e+05,39.56,1.425,21.23,37.35,42.25,15.51,1.319e+04,976.6
5,2,688,1616,21,8489,6.326e+04,7.896e+06,324.2,28.35,1.062e+07,1.062e+06,45.06,1.549,25.01,52.43,56.16,23.98,1.945e+04,943.7
6,2,1276,1228,54,3320,1.157e+04,4.942e+06,139,10.97,6.646e+06,6.646e+05,49.5,1.759,49.45,60.57,87.2,10.79,2.613e+04,1302
7,2,1348,1355,62,990,5749,1.509e+06,98.31,10.87,2.029e+06,2.029e+05,57.23,2.674,23.73,30.91,40.34,8.231,7244,624.2
8,2,1337,1464,27,2817,7031,3.146e+06,108.6,10.75,4.231e+06,4.231e+05,43.43,1.618,39.11,61.96,78.05,22.06,2.261e+04,1174
9,2,1278,1439,17,435,1174,3.342e+05,45.53,10.47,4.494e+05,4.494e+04,30.09,1.264,12.54,18.43,17.33,5.871,2983,313.6
10,2,1125,1325,21,722,3015,9.692e+05,71.61,10.92,1.303e+06,1.303e+05,35.57,1.287,18.55,15.43,21.12,3.945,7474,782.4
11,2,1385,1394,29,461,1032,5.789e+05,42.86,10.14,7.786e+05,7.786e+04,17.63,0.5908,19.04,36.05,38.78,11.95,5857,549.5
12,2,1223,1460,24,2647,5363,4.365e+06,95,10.33,5.87e+06,5.87e+05,49.98,1.868,64.44,34.41,74.5,29.65,3.043e+04,1652
13,2,1284,1131,66,1190,3275,1.572e+06,74.56,10.34,2.114e+06,2.114e+05,29.86,1.214,22.67,24.95,34.41,4.672,1.248e+04,1045
14,2,1215,1328,37,390,1072,1.579e+06,43.63,9.546,2.124e+06,2.124e+05,47.12,2.376,32.95,73.49,78.03,45.5,1.849e+04,1532
15,2,1099,953,34,1059,1779,5.714e+05,55.47,12.79,7.684e+05,7.684e+04,14.68,0.5469,44.39,10.3,29.96,8.421,7583,660
16,2,1277,1442,29,226,459,7.359e+05,29.77,9.148,9.896e+05,9.896e+04,24.65,0.9549,22.53,35.47,42.45,10.4,7474,660
17,2,1147,1319,35,540,921,8.877e+05,40.65,9.241,1.194e+06,1.194e+05,25.87,0.9368,24.46,28.43,39.08,11.24,7824,725.7
18,2,759,1669,9,3347,1.867e+04,2.158e+06,176.4,19.08,2.901e+06,2.901e+05,33.97,1.61,22.67,20.03,29.83,8.36,8007,600.3
19,2,1243,1429,25,729,1090,9.382e+05,43.97,8.757,1.262e+06,1.262e+05,40.3,1.801,31.57,22.39,39.47,14.4,7369,546.5
20,2,1456,619,30,2233,6814,7.822e+05,106.9,21.79,1.052e+06,1.052e+05,19.56,0.7607,12.88,16.61,15.97,4.545,4997,579.4
21,2,812,1686,25,1462,1.01e+04,1.32e+06,130,16.94,1.775e+06,1.775e+05,41.52,1.444,14.56,14.27,15.45,2.308,4455,439
22,2,1356,1467,15,63,63,6.826e+04,15.13,8.556,9.179e+04,9179,13.13,0.5509,13,11.45,9.106,3.545,1414,256.8
23,2,1323,1492,24,244,371,8.778e+05,27.2,8.592,1.181e+06,1.181e+05,27.04,1.18,68.42,24.83,64.65,39.11,1.246e+04,1114
24,2,1164,824,40,3401,9547,3.681e+06,126.4,12.5,4.951e+06,4.951e+05,52.93,2.313,28.42,60.4,65,25.02,2.496e+04,1935
25,2,1175,947,57,1335,2515,1.583e+06,65.56,10.15,2.129e+06,2.129e+05,27.24,1.187,16.01,78.37,54.82,39.58,1.509e+04,1072
26,2,1341,1371,23,51,84,1.182e+05,16.24,7.438,1.59e+05,1.59e+04,14.94,0.6648,16,10.68,11.87,4.036,2134,295.7
27,2,1070,1274,30,370,559,1.052e+06,32.43,8.209,1.415e+06,1.415e+05,26.19,1.31,38.73,21,42.88,15.25,1.079e+04,1030
28,2,1243,1253,71,126,135,5.308e+05,18.66,7.353,7.138e+05,7.138e+04,28.75,1.238,36.41,15.86,34.86,17.8,5793,546.5
29,2,1174,847,40,751,2386,6.815e+05,63.91,11.14,9.164e+05,9.164e+04,30.32,1.308,24.24,15.02,25.53,6.169,4488,483.8
30,2,649,1699,9,4957,3.614e+04,4.539e+06,245.1,21.97,6.104e+06,6.104e+05,43.02,2.049,22.88,46.83,50.21,25.81,1.105e+04,1120
31,2,1246,1547,21,181,183,7.127e+05,20.69,7.595,9.585e+05,9.585e+04,13.52,0.5627,46.51,35.99,64.13,19.47,9849,818.3
32,2,1138,1301,57,72,78,3.695e+05,15.93,7.013,4.969e+05,4.969e+04,20.05,0.8,47.38,13.43,37.03,21.09,6089,627.2
33,2,1313,1550,13,113,113,1.048e+05,17.66,7.157,1.409e+05,1.409e+04,10.02,0.3938,14.75,19.68,21.38,6.332,1971,232.9
34,2,625,1659,35,4385,1.499e+04,1.671e+06,158.1,18.17,2.247e+06,2.247e+05,23.88,1.07,42.59,23.45,48.26,13.51,9882,946.7
35,2,1233,1600,19,238,315,4.611e+05,25.44,7.472,6.201e+05,6.201e+04,18.47,0.7569,21.97,33.13,40.16,14.88,6283,597.3
36,2,1415,1490,25,20,20,1.301e+05,12.55,6.821,1.749e+05,1.749e+04,16.68,0.6907,18.77,10.89,15.16,3.187,1815,230
37,2,1147,966,34,178,257,2.381e+05,23.47,8.311,3.202e+05,3.202e+04,15.02,0.5956,13.08,20.47,19.93,3.904,4341,549.5
38,2,1591,1620,28,98,114,6.576e+04,17.71,8.216,8.843e+04,8843,10.18,0.4375,20.62,9.244,13.91,9.287,1427,253.8
39,2,1165,923,37,81,97,1.021e+05,16.89,8.457,1.373e+05,1.373e+04,14,0.6835,9.551,11.28,nan,2.789,1418,262.8
40,2,1025,1509,43,84,84,1.574e+05,16.24,7.545,2.117e+05,2.117e+04,6.576,0.2367,20.87,32.19,38.27,15.81,4297,462.9
41,2,1285,1403,38,0,0,6.851e+04,11.15,6.066,9.214e+04,9214,15.03,0.6192,13.78,9.647,6.398,8.969,1353,218
42,2,1006,1054,31,89,99,1.379e+05,16.99,7.974,1.855e+05,1.855e+04,13.72,0.601,18.36,8.68,10.53,9.363,2158,286.7
43,2,1349,1055,65,6,6,3.207e+05,11.59,6.563,4.313e+05,4.313e+04,19.44,0.9652,21.66,60.37,56.08,30.68,6297,764.5
44,2,599,1705,39,1614,5659,7.404e+05,97.55,20.78,9.958e+05,9.958e+04,26.03,1.221,18.77,8.925,11.51,15.41,3599,421.1
45,2,1008,1407,30,23,23,5.192e+04,12.75,6.878,6.983e+04,6983,8.874,0.4522,8.461,10.12,nan,1.468,1387,218
46,2,1370,1450,40,0,0,1.816e+05,11.15,5.792,2.442e+05,2.442e+04,15.48,0.6872,24.56,17.02,28.18,9.998,3603,346.4
47,2,1305,1424,11,0,0,3.117e+04,11.15,5.694,4.191e+04,4191,6.614,0.2334,16.48,7.969,6.059,19.97,1385,295.7
48,2,1041,1321,50,0,0,5.946e+05,11.15,6.335,7.996e+05,7.996e+04,31.24,1.45,62.66,23.69,60.1,18.56,1.233e+04,1436
49,2,1107,1155,35,0,0,4.792e+04,11.15,6.265,6.444e+04,6444,6.956,0.3295,15.22,24.71,26.14,10.08,1661,274.8
50,2,1347,1396,17,0,0,3.254e+04,11.15,5.494,4.376e+04,4376,5.099,0.1873,10.49,20.42,15.98,16.1,1168,206.1
51,2,1359,1246,52,0,0,1.175e+05,11.15,5.476,1.581e+05,1.581e+04,17.35,0.8215,19.83,9.63,13.94,15.27,1967,253.8
52,2,1519,714,36,279,342,4.731e+04,26.3,11.35,6.363e+04,6363,6.701,0.2427,6.305,18.11,nan,25.2,920.9,194.1
53,2,955,1253,39,60,60,6.113e+05,14.96,6.805,8.221e+05,8.221e+04,22.61,1.063,22.24,53.86,53.43,15.92,1.094e+04,1117
54,2,1174,647,44,3963,1.109e+04,1.101e+06,136.1,12.66,1.48e+06,1.48e+05,28.28,1.41,30.59,38.64,53.04,19.34,9579,887
55,2,1120,445,33,1150,3398,5.804e+05,75.92,26.19,7.806e+05,7.806e+04,17.25,0.7827,14.71,24.34,25.22,7.734,2564,310.6

