ncl,cltype,maxpix x,maxpix y,maxpix v,SGMC,Npix,Nvox,lumco,errlumco,COmax,mlumco,errmlumco,line_ratio,alphaco,meansigv,errsigv,a,b,R,errR,area,perim,density,densityerr,pressure,pressure_err,alphavir,erralphavir
1,2,1312,1346,41,2,0,0,1.892e+05,11.15,1.851,4.919e+06,4.919e+05,25,0.8,47.98,2.189,19.12,29.28,34.2,5.642,5209,415.1,1339,135.3,1.66e+08,8.518e+07,18.53,3.955
2,2,685,1612,24,1,2991,8285,8.942e+05,44.91,8.453,2.452e+07,2.452e+06,26.36,0.8,27.83,0.9699,17.82,35.44,36.86,9.597,1.528e+04,767.5,5745,587.2,2.223e+08,1.758e+08,1.348,0.3876
3,2,1129,1332,32,2,76,76,8.379e+05,11.9,2.654,2.179e+07,2.179e+06,25,0.8,34.87,1.004,43.06,52.59,75.32,26.71,2.774e+04,1547,1222,123.4,3.635e+07,3.889e+07,4.869,1.816
4,2,759,1668,13,1,780,1940,1.964e+05,23.82,5.102,5.384e+06,5.384e+05,26.36,0.8,18.3,0.8157,18.44,17.81,23.61,4.56,4582,358.4,3074,316.5,8.029e+07,4.775e+07,1.701,0.3998
5,2,1206,1475,28,2,87,87,9.04e+05,12.01,2.738,2.35e+07,2.35e+06,25,0.8,30.94,0.9942,62.98,43.89,83.62,25.38,3.621e+04,1908,1070,107.6,2.256e+07,2.071e+07,3.944,1.286
6,2,1353,1477,32,2,100,100,2.744e+05,12.13,2.622,7.135e+06,7.135e+05,25,0.8,20.76,0.7444,55.97,30.12,64.38,19.01,1.31e+04,848.2,548.1,55.32,6.761e+06,6.048e+06,4.505,1.441
7,2,1054,442,41,345,1647,6350,3.301e+05,39.69,8.997,5.829e+06,5.829e+05,16.98,0.8,14.95,0.4387,24.1,15.23,25.69,5.031,4760,471.9,2811,288.3,4.505e+07,2.697e+07,1.141,0.2597
8,2,1281,1480,25,2,262,516,1.683e+05,15.56,3.705,4.376e+06,4.376e+05,25,0.8,32.69,1.779,17.73,29.2,32.52,14.11,5663,474.8,1317,141.9,7.972e+07,1.044e+08,9.196,4.214
9,2,1440,616,34,345,676,1253,7.816e+04,20.26,4.557,1.38e+06,1.38e+05,16.98,0.8,14.16,0.5169,10.03,15.25,9.699,10.02,2939,445,4671,1564,1.777e+08,5.512e+08,1.631,1.696
10,2,1131,407,38,345,3165,1.269e+04,6.928e+05,54.99,8.303,1.223e+07,1.223e+06,16.98,0.8,19.08,0.3896,39.73,18.6,40.53,11.47,9951,734.7,2371,242.3,3.925e+07,3.359e+07,1.397,0.4231
11,2,1122,1419,28,2,0,0,7.73e+04,11.15,1.666,2.01e+06,2.01e+05,25,0.8,19.64,0.9882,18.86,28.8,33.55,10.04,4988,477.8,568.4,58.83,1.203e+07,1.093e+07,7.455,2.468
12,2,665,1709,8,1,1596,4197,4.973e+05,32.91,3.873,1.363e+07,1.363e+06,26.36,0.8,43.88,2.936,43.74,22.4,47.73,3.674,7577,552.5,1905,190.7,1.415e+08,4.033e+07,7.806,1.436
13,2,1332,1426,32,2,0,0,6.879e+04,11.15,2.108,1.789e+06,1.789e+05,25,0.8,13.4,0.571,12.96,26.45,24.41,6.166,3302,334.5,955.3,100,1.295e+07,9.958e+06,2.84,0.8086
14,2,1120,449,37,345,1922,6974,3.498e+05,41.45,8.08,6.177e+06,6.177e+05,16.98,0.8,15.33,0.5514,15.98,37.12,35.46,5.764,5387,474.8,1564,157.9,1.91e+07,9.609e+06,1.563,0.3188
15,2,823,1693,35,1,0,0,3.44e+04,11.15,1.358,9.432e+05,9.432e+04,26.36,0.8,19,2.289,17.77,12.55,16.71,8.539,2379,274.8,1075,145.9,4.277e+07,6.651e+07,7.406,4.249
16,2,1048,419,42,345,2140,6688,3.262e+05,40.65,7.183,5.761e+06,5.761e+05,16.98,0.8,11.42,0.3819,42.11,18.64,42,12.54,5904,570.4,1040,106.3,5.948e+06,5.375e+06,1.101,0.3544
17,2,1280,1427,20,2,0,0,1.751e+04,11.15,1.997,4.552e+05,4.552e+04,25,0.8,10.07,0.4188,9.615,19,13.14,11.5,1144,164.3,839.8,187.7,1.195e+07,3.141e+07,3.39,3
18,2,1297,1178,64,2,0,0,1.415e+05,11.15,1.782,3.679e+06,3.679e+05,25,0.8,21.19,0.8538,18.21,49.04,45.27,21.95,8105,728.7,571.6,60.03,1.044e+07,1.525e+07,6.397,3.208
19,2,1347,1336,67,2,0,0,6.842e+04,11.15,1.77,1.779e+06,1.779e+05,25,0.8,23.31,1.112,15.28,24.91,26.38,8.939,2511,250.9,813.7,87.21,3.087e+07,3.167e+07,9.329,3.414
20,2,1112,1413,33,2,0,0,6.429e+04,11.15,1.962,1.672e+06,1.672e+05,25,0.8,18.61,0.7391,19.35,28.3,33.71,8.516,4841,510.7,468.1,47.98,8.856e+06,6.806e+06,8.088,2.289
21,2,656,1628,41,1,80,83,1.42e+05,11.97,2.611,3.894e+06,3.894e+05,26.36,0.8,14.41,0.6423,31.72,20.27,37.26,10.48,7396,722.7,892.6,91.53,9.157e+06,7.826e+06,2.3,0.7167
22,2,626,1655,39,1,229,264,5.264e+04,13.59,3.281,1.443e+06,1.443e+05,26.36,0.8,9.974,0.2747,17.61,12.87,17,6.089,2651,352.4,1590,188.1,1.715e+07,1.853e+07,1.357,0.5102
23,2,1215,1327,41,2,0,0,3.462e+04,11.15,2.144,9.002e+05,9.002e+04,25,0.8,12.76,0.5691,22.13,13.46,21.84,10.21,1808,244.9,601,71.43,8.261e+06,1.164e+07,4.577,2.226
24,2,1383,1385,32,2,0,0,3.563e+04,11.15,2.312,9.263e+05,9.263e+04,25,0.8,13.53,0.5969,19.38,28.5,33.91,14.82,2765,346.4,256.4,27.49,2.551e+06,3.361e+06,7.762,3.547
25,2,1282,1095,73,2,33,33,8.279e+04,11.48,2.703,2.152e+06,2.152e+05,25,0.8,15.91,0.767,18.46,38.15,39.38,25.18,4511,519.6,441.8,49.14,5.228e+06,1.006e+07,5.361,3.508
26,2,606,1719,44,1,635,1067,1.428e+05,19.19,3.479,3.916e+06,3.916e+05,26.36,0.8,15.26,0.6025,12.85,35.96,30.18,23.82,4992,480.8,1368,173.9,1.943e+07,4.608e+07,2.078,1.661
27,2,1315,1184,72,2,0,0,3.002e+04,11.15,1.517,7.805e+05,7.805e+04,25,0.8,26.86,1.621,8.826,20.48,12.94,17.76,2062,283.7,1484,494.8,1.523e+08,6.276e+08,13.85,19.13
28,2,1417,1491,29,2,0,0,5213,11.15,1.45,1.355e+05,1.355e+04,25,0.8,8.188,0.3698,12.79,7.35,nan,9.914,573,110.5,nan,nan,nan,nan,nan,nan
29,2,1106,951,38,345,326,357,4.165e+04,14.35,3.856,1.083e+06,1.083e+05,25,0.8,8.077,0.1754,26.37,10.78,21,15.32,1947,235.9,781.6,112.9,4.472e+06,9.801e+06,1.465,1.081
30,2,1040,1267,39,2,0,0,4.184e+04,11.15,1.763,1.088e+06,1.088e+05,25,0.8,16.31,0.5923,28.57,18.33,32.77,12.43,3998,445,322.5,34.14,4.824e+06,5.523e+06,9.284,3.705
31,2,1313,1318,66,2,0,0,1.734e+04,11.15,1.453,4.508e+05,4.508e+04,25,0.8,18.84,1.099,24.12,9.128,16.48,16.68,1929,271.8,528.1,110.7,2.095e+07,6.368e+07,15.04,15.39
32,2,1186,910,58,345,0,0,1.327e+04,11.15,1.617,3.45e+05,3.45e+04,25,0.8,6.591,0.1414,12.81,17.18,16.47,2.576,1338,200.1,404.9,42.1,1.968e+06,9.478e+05,2.402,0.4577
33,2,508,1904,21,1,38,38,5.695e+04,11.53,2.844,1.562e+06,1.562e+05,26.36,0.8,25.9,2.051,14.62,30.62,29.53,11.25,2874,316.6,569.9,61.1,2.384e+07,2.76e+07,14.69,6.234
34,2,1316,1547,17,2,0,0,7608,11.15,1.901,1.978e+05,1.978e+04,25,0.8,5.318,0.2234,7.103,14.24,nan,13.03,729.1,143.3,nan,nan,nan,nan,nan,nan
35,2,1187,906,40,345,0,0,1.496e+04,11.15,1.405,3.889e+05,3.889e+04,25,0.8,7.533,0.3105,12.9,14.66,13.76,7.175,2410,364.3,653.8,98.98,4.966e+06,7.795e+06,2.325,1.249
36,2,1542,1657,34,1,0,0,2.291e+04,11.15,2.15,6.282e+05,6.282e+04,26.36,0.8,8.004,0.3428,9.545,22.57,16.1,13.68,2818,328.5,771.7,144.6,5.658e+06,1.445e+07,1.901,1.635
37,2,1404,525,35,345,916,1184,4.741e+04,19.87,4.253,8.373e+05,8.373e+04,16.98,0.8,6.503,0.2315,34.16,14.87,32.13,7.583,2439,319.6,258.2,26.44,6.262e+05,4.5e+05,1.88,0.5001
38,2,1002,811,38,345,0,0,2.512e+04,11.15,1.489,4.436e+05,4.436e+04,16.98,0.8,15.06,0.8126,11.75,20.29,17.88,13.66,2589,283.7,441.8,71.83,1.033e+07,2.371e+07,10.59,8.238
39,2,1157,381,55,345,0,0,2.416e+04,11.15,2.323,4.267e+05,4.267e+04,16.98,0.8,17.15,0.8884,14.65,9.726,8.139,12.31,1291,218,2050,1162,1.364e+08,6.194e+08,6.494,9.869
40,2,1235,1252,74,2,0,0,1.55e+04,11.15,1.552,4.029e+05,4.029e+04,25,0.8,12.85,0.4955,11.04,9.694,nan,10.21,1106,167.2,nan,nan,nan,nan,nan,nan
41,2,660,1651,17,1,0,0,7550,11.15,1.824,2.07e+05,2.07e+04,26.36,0.8,2.409,1.171,8.679,6.227,nan,1.777,724.7,143.3,nan,nan,nan,nan,nan,nan
42,2,1339,1593,19,1,0,0,3297,11.15,1.606,9.04e+04,9040,26.36,0.8,nan,nan,7.909,11.96,nan,6.635,441.5,98.55,nan,nan,nan,nan,nan,nan
43,2,1140,604,61,345,0,0,8731,11.15,1.841,1.542e+05,1.542e+04,16.98,0.8,9.215,0.3398,8.381,10.67,nan,3.66,1122,170.2,nan,nan,nan,nan,nan,nan
44,2,577,1867,42,1,2616,5792,3.685e+05,38.05,7.977,1.01e+07,1.01e+06,26.36,0.8,19.44,0.9611,19.73,46.75,46.12,26.76,1.111e+04,970.6,1512,161.6,2.281e+07,3.983e+07,1.997,1.192
45,2,1354,449,38,345,327,446,3.644e+04,15.04,4.406,6.436e+05,6.436e+04,16.98,0.8,8.736,0.4765,10.47,13.63,8.177,7.913,1882,286.7,3064,1130,5.268e+07,1.531e+08,1.123,1.1
46,2,1178,950,60,345,0,0,6062,11.15,1.787,1.576e+05,1.576e+04,25,0.8,5.892,0.2107,9.171,13.28,3.427,23.75,720.2,128.4,4271,2.591e+04,7.97e+07,1.657e+09,0.8743,6.059
47,2,1109,490,43,345,66,66,2.269e+04,11.81,2.933,4.007e+05,4.007e+04,16.98,0.8,6.585,0.2258,18.7,11.92,16.7,8.845,1623,310.6,457.5,63.15,2.189e+06,3.488e+06,2.093,1.137
48,2,1007,1057,35,2,0,0,8101,11.15,1.418,2.106e+05,2.106e+04,25,0.8,7.22,0.2413,12.31,7.463,nan,7.922,753.6,131.4,nan,nan,nan,nan,nan,nan
49,2,639,1798,33,1,0,0,1.507e+04,11.15,2.184,4.133e+05,4.133e+04,26.36,0.8,7.426,0.4358,14.69,10.07,8.987,6.724,1061,167.2,1629,438.2,1.841e+07,4.142e+07,1.389,1.061
50,2,962,1253,43,2,0,0,1.686e+04,11.15,1.124,4.384e+05,4.384e+04,25,0.8,9.777,0.7456,12.54,33.6,28.34,20.86,3543,421.1,173.7,22.02,1.079e+06,2.391e+06,7.159,5.428
51,2,1120,976,38,345,0,0,1.68e+04,11.15,2.319,4.368e+05,4.368e+04,25,0.8,7.25,0.2988,11.71,17.22,14.92,13.31,1592,221,624.6,128.3,4.053e+06,1.086e+07,2.079,1.875
52,2,1333,1317,50,2,0,0,4714,11.15,1.054,1.226e+05,1.226e+04,25,0.8,15.93,0.909,8.949,5.881,nan,0.7101,499.5,110.5,nan,nan,nan,nan,nan,nan
53,2,1169,818,45,345,0,0,1.553e+04,11.15,1.747,2.743e+05,2.743e+04,16.98,0.8,10.06,0.4921,18.61,28.02,32.67,10.76,2303,364.3,81.77,8.543,4.67e+05,4.66e+05,13.98,5.001
54,2,570,1784,44,1,245,489,3.062e+04,15.36,4.917,8.395e+05,8.395e+04,26.36,0.8,7.645,0.2674,33.36,8.075,20.04,6.603,1391,316.6,665.3,74.19,3.575e+06,3.56e+06,1.616,0.5678
55,2,1231,1605,26,1,0,0,1.515e+04,11.15,1.809,4.153e+05,4.153e+04,26.36,0.8,9.93,0.4846,14.31,8.88,5.061,13.73,1853,271.8,5160,8311,1.852e+08,1.507e+09,1.392,3.781
56,2,1125,639,52,345,0,0,2.668e+04,11.15,1.805,4.712e+05,4.712e+04,16.98,0.8,16.53,0.7688,15.3,12.06,13.33,7.356,1545,209.1,843.8,134.5,3.185e+07,5.29e+07,8.951,5.088
57,2,1199,1033,39,2,0,0,6119,11.15,1.656,1.591e+05,1.591e+04,25,0.8,nan,nan,13.3,10.51,7.704,6.974,666.7,125.4,853.3,312.7,nan,nan,nan,nan
58,2,1459,1986,61,1,189,272,1.296e+04,13.65,5.805,3.552e+05,3.552e+04,26.36,0.8,4.716,0.2083,12.99,6.075,nan,6.9,472.7,107.5,nan,nan,nan,nan,nan,nan
59,2,1089,794,46,345,0,0,5406,11.15,1.834,9.547e+04,9547,16.98,0.8,6.382,0.3027,6.65,7.161,nan,0.4639,706.8,140.4,nan,nan,nan,nan,nan,nan
60,2,1443,1891,58,1,0,0,1.183e+04,11.15,1.781,3.244e+05,3.244e+04,26.36,0.8,5.353,0.2315,9.689,14.74,8.196,7.246,1186,176.2,1537,520.6,9.898e+06,2.628e+07,0.8384,0.7494
61,2,1017,478,44,345,0,0,2026,11.15,1.308,3.578e+04,3578,16.98,0.8,nan,nan,8.777,13.5,1.693,18.89,421.4,92.58,3974,7.861e+04,nan,nan,nan,nan
62,2,1190,887,58,345,0,0,5921,11.15,1.259,1.539e+05,1.539e+04,25,0.8,9.171,0.6504,9.679,11.8,nan,11.56,860.7,167.2,nan,nan,nan,nan,nan,nan
63,2,1373,1534,28,2,0,0,3566,11.15,1.051,9.272e+04,9272,25,0.8,7.46,0.4402,9.099,6.334,nan,1.577,784.9,146.3,nan,nan,nan,nan,nan,nan
