ncl,cltype,maxpix x,maxpix y,maxpix v,Npix,Nvox,lumco,errlumco,COmax,mlumco,errmlumco,meansigv,errsigv,a,b,R,errR,area,perim
0,1,685,1612,24,5452,1.462e+04,2.348e+06,58.85,8.453,5.564e+07,5.564e+06,53.19,2.422,86.27,61.13,116.7,41.53,4.392e+04,2099
1,1,685,1612,24,4304,1.199e+04,1.634e+06,53.51,8.453,3.872e+07,3.872e+06,52.47,2.301,26.21,77.22,70.97,48.62,3.098e+04,1505
2,1,685,1612,24,4295,1.198e+04,1.254e+06,53.5,8.453,2.972e+07,2.972e+06,46.53,2.206,26.21,78.56,71.63,45.07,2.407e+04,1520
3,1,685,1612,24,5098,1.399e+04,1.929e+06,57.63,8.453,4.571e+07,4.571e+06,52.74,2.366,69.53,79.93,119.9,26.09,3.833e+04,1852
4,2,665,1709,8,280,377,3.314e+04,14.51,3.873,7.851e+05,7.851e+04,6.595,0.2189,13.64,16.46,16.83,4.762,1822,253.8
5,2,759,1668,13,794,2002,2.9e+05,24.12,5.102,6.87e+06,6.87e+05,23.98,0.8992,23.18,17.53,27.64,5.218,8538,755.6
6,1,685,1612,24,4186,1.16e+04,9.866e+05,52.68,8.453,2.337e+07,2.337e+06,40.14,1.726,20.31,78.4,62.43,45.12,1.996e+04,1266
7,2,680,1694,13,59,59,8686,11.74,2.882,2.058e+05,2.058e+04,9.02,0.4599,5.762,7.81,nan,0.7902,457.1,107.5
8,1,1281,1480,25,530,784,4.919e+06,17.42,3.705,1.166e+08,1.166e+07,87.31,3.818,145.7,110,205,57.49,1.915e+05,9147
9,1,685,1612,24,4185,1.153e+04,6.633e+05,52.52,8.453,1.572e+07,1.572e+06,37.12,1.701,19.05,79.75,60.87,68.92,1.434e+04,1159
10,2,1302,1484,14,0,0,2.921e+04,11.15,1.687,6.921e+05,6.921e+04,13.8,0.6173,24.02,8.516,15.18,11.69,2950,480.8
11,1,1281,1480,25,530,784,3.987e+06,17.42,3.705,9.447e+07,9.447e+06,66.66,2.9,142.6,65.58,156.2,49.19,1.589e+05,8344
12,2,656,1696,16,1092,3198,1.53e+05,29.24,3.752,3.624e+06,3.624e+05,22.53,1.028,15.68,25.43,27.27,8.102,3365,385.3
13,1,685,1612,24,4126,1.147e+04,6.482e+05,52.39,8.453,1.536e+07,1.536e+06,33.92,1.576,18.78,79.83,60.43,68.11,1.381e+04,1099
14,2,1167,1797,14,2,2,2.472e+04,11.17,2.406,5.857e+05,5.857e+04,6.533,0.2059,26.77,14.76,27.09,8.148,3144,516.7
15,2,471,1953,14,386,627,6.095e+04,16.36,3.664,1.444e+06,1.444e+05,10.42,0.4932,24.12,11.22,20.13,6.394,2945,597.3
16,2,700,1657,15,9,9,8458,11.24,2.483,2.004e+05,2.004e+04,5.1,0.1715,6.66,17.04,nan,23.65,865.1,206.1
17,2,1316,1547,17,0,0,3.402e+04,11.15,1.901,8.06e+05,8.06e+04,9.811,0.3385,33.06,15.94,32.9,8.504,3075,456.9
18,2,1149,1657,17,0,0,1.487e+04,11.15,1.789,3.522e+05,3.522e+04,5.09,0.1731,13.87,9.784,6.966,5.474,1842,328.5
19,1,1281,1480,25,530,784,3.873e+06,17.42,3.705,9.176e+07,9.176e+06,51.59,2.282,154.2,66.21,163.3,69.31,1.562e+05,8296
20,1,1281,1480,25,530,784,3.702e+06,17.42,3.705,8.771e+07,8.771e+06,51.63,2.294,157.1,67,165.9,40.76,1.459e+05,7069
21,1,1281,1480,25,530,784,3.039e+06,17.42,3.705,7.2e+07,7.2e+06,48.99,2.314,154,67.43,164.7,44.35,1.266e+05,7254
22,1,1281,1480,25,530,784,2.699e+06,17.42,3.705,6.395e+07,6.395e+06,48.93,2.323,153.3,68.73,165.9,80.87,1.107e+05,6218
23,1,1281,1480,25,530,784,2.94e+06,17.42,3.705,6.965e+07,6.965e+06,49.02,2.32,153.9,67.86,165.2,55.5,1.215e+05,6785
24,1,1281,1480,25,530,784,1.994e+06,17.42,3.705,4.724e+07,4.724e+06,47.48,2.313,149.8,73.19,169.3,79.04,8.81e+04,6334
25,1,1281,1480,25,530,784,1.789e+06,17.42,3.705,4.238e+07,4.238e+06,47.45,2.307,152.1,74.2,171.8,76.85,7.732e+04,5176
26,1,1281,1480,25,530,784,1.898e+06,17.42,3.705,4.496e+07,4.496e+06,47.48,2.313,150.7,72.12,168.6,81.19,8.381e+04,6033
27,1,1281,1480,25,530,784,1.845e+06,17.42,3.705,4.372e+07,4.372e+06,47.46,2.311,151.5,74.38,171.7,74.01,8.087e+04,5597
28,1,1281,1480,25,530,784,1.682e+06,17.42,3.705,3.985e+07,3.985e+06,47.45,2.308,152,75.73,173.5,64.14,7.414e+04,5241
29,1,1281,1480,25,430,684,1.293e+06,16.75,3.705,3.062e+07,3.062e+06,42.51,2.124,50.63,149.7,140.4,90.74,5.779e+04,4196
30,2,1280,1427,20,0,0,1.958e+04,11.15,1.997,4.64e+05,4.64e+04,8.949,0.449,8.98,26.85,18.08,21.37,1748,295.7
31,1,1281,1480,25,430,684,1.148e+06,16.75,3.705,2.719e+07,2.719e+06,42.32,2.084,52.27,153.6,144.6,78.21,5.328e+04,4047
32,1,1281,1480,25,530,784,1.608e+06,17.42,3.705,3.81e+07,3.81e+06,42.49,2.122,153.3,73.64,171.8,81.59,7.055e+04,4958
33,1,1281,1480,25,430,684,1.041e+06,16.75,3.705,2.465e+07,2.465e+06,42.24,2.073,54.22,155.4,148.2,58.53,4.831e+04,3787
34,1,1281,1480,25,430,684,1.11e+06,16.75,3.705,2.629e+07,2.629e+06,42.24,2.074,52.4,154.2,145.1,56.03,5.171e+04,3975
35,1,1281,1480,25,430,684,8.531e+05,16.75,3.705,2.021e+07,2.021e+06,40.53,2,60.35,160.7,159.1,38.49,4.163e+04,3369
36,1,1281,1480,25,354,608,2.381e+05,16.22,3.705,5.642e+06,5.642e+05,23.75,1.014,65.8,15.35,48.56,21.39,1.049e+04,967.6
37,2,1281,1480,25,262,516,1.055e+05,15.56,3.705,2.5e+06,2.5e+05,15.14,0.6122,16.97,10.96,13.47,5.788,4491,477.8
38,1,685,1612,24,2996,8226,4.658e+05,44.76,8.453,1.104e+07,1.104e+06,17.28,0.6217,16.72,19.97,23.92,1.894,9969,800.4
39,2,685,1612,24,2871,8082,4.334e+05,44.39,8.453,1.027e+07,1.027e+06,15.82,0.5624,16.61,19.79,23.63,2.3,8803,674.9
40,2,686,1641,20,76,76,1.043e+04,11.9,2.773,2.471e+05,2.471e+04,nan,nan,16.57,8.211,7.019,21.72,858.4,203.1
41,2,1266,1542,25,0,0,7.778e+04,11.15,2.094,1.843e+06,1.843e+05,10.14,0.4006,38.06,22.92,44.66,13.13,6633,731.7
42,2,1231,1605,26,0,0,4.105e+04,11.15,1.809,9.725e+05,9.725e+04,10.49,0.477,29.01,23.63,38.74,14.82,4422,552.5
43,2,631,1712,27,440,624,9.861e+04,16.34,3.728,2.336e+06,2.336e+05,13.05,0.4914,15.58,23.07,25.29,9.405,4422,692.9
44,2,1206,1475,28,92,92,9.04e+04,12.05,2.738,2.142e+06,2.142e+05,14.06,0.6667,10.59,22.08,17.54,7.614,4696,513.7
46,1,1129,1332,32,76,76,4.719e+05,11.9,2.654,1.118e+07,1.118e+06,24.54,1.152,32.22,93.98,87.7,62.27,2.513e+04,2380
47,1,1129,1332,32,76,76,5.597e+05,11.9,2.654,1.326e+07,1.326e+06,28.1,1.329,33.36,91.93,88.29,53.76,2.936e+04,2518
48,1,1178,1447,31,0,0,1.103e+05,11.15,2.232,2.613e+06,2.613e+05,21.12,1.01,20.19,28.86,35.07,14.67,6640,904.9
49,1,1440,616,34,2672,4255,7.336e+05,33.11,4.557,1.738e+07,1.738e+06,19.8,0.7909,33.73,94.46,90.05,78.62,3.553e+04,3136
50,1,1440,616,34,2690,4273,7.85e+05,33.18,4.557,1.86e+07,1.86e+06,19.76,0.792,33.73,95.57,90.59,61.8,3.895e+04,3521
51,1,1440,616,34,1289,1996,3.741e+05,24.09,4.557,8.862e+06,8.862e+05,19.97,0.7964,14.7,19.27,20.94,8.995,1.849e+04,1762
52,1,1440,616,34,1289,1996,3.243e+05,24.09,4.557,7.683e+06,7.683e+05,19.85,0.7755,19.88,17.09,24.24,8.292,1.465e+04,1269
53,2,1155,1427,32,0,0,1.31e+04,11.15,2.161,3.103e+05,3.103e+04,9.084,0.4725,6.039,12.47,nan,4.55,889.7,176.2
54,2,717,1641,29,144,144,1.146e+04,12.54,3.042,2.715e+05,2.715e+04,5.183,0.1981,19.88,14.16,20.83,11.1,978.8,232.9
55,2,1312,1346,41,0,0,1.262e+05,11.15,1.851,2.991e+06,2.991e+05,40.08,1.873,16.79,19.79,23.83,3.744,7554,743.6
56,2,1262,1394,33,0,0,1.15e+04,11.15,1.672,2.725e+05,2.725e+04,12.27,0.5841,7.919,9.373,nan,2.504,1253,206.1
57,1,1178,1447,31,0,0,7.34e+04,11.15,2.232,1.739e+06,1.739e+05,17.63,0.8419,11.98,31.77,26.37,11.5,4649,704.8
58,2,1178,1447,31,0,0,4.213e+04,11.15,2.232,9.982e+05,9.982e+04,14.02,0.653,10.66,20.24,16.12,12.93,2571,421.1
59,2,1353,1477,32,100,100,1.474e+05,12.13,2.622,3.492e+06,3.492e+05,15.68,0.717,16.14,48.2,41.78,18.67,7860,782.4
60,2,1592,1620,32,0,0,2.934e+04,11.15,1.817,6.95e+05,6.95e+04,10.1,0.3918,18.94,16.17,22.34,6.721,2852,319.6
61,2,1542,1657,34,0,0,5.104e+04,11.15,2.15,1.209e+06,1.209e+05,13.7,0.6068,22.87,39.19,45.37,21.22,5534,785.4
62,1,1354,449,38,1373,1824,5.728e+05,23.26,4.406,1.357e+07,1.357e+06,18.85,0.8161,95.55,21.92,72.28,25.65,2.851e+04,2670
63,1,1440,616,34,1216,1889,1.427e+05,23.58,4.557,3.381e+06,3.381e+05,15.21,0.634,10.87,16.59,12.9,5.447,6408,728.7
64,1,1129,1332,32,76,76,2.051e+05,11.9,2.654,4.86e+06,4.86e+05,19.51,0.9604,32.28,49.94,62.85,13.02,1.223e+04,1218
65,2,1129,1332,32,76,76,4.681e+04,11.9,2.654,1.109e+06,1.109e+05,10.43,0.473,15.92,13.53,16.1,7.865,2294,289.7
66,2,1383,1385,32,0,0,1.511e+04,11.15,2.312,3.58e+05,3.58e+04,11.9,0.5145,9.924,15.25,9.48,9.645,1244,221
67,2,1219,1417,30,0,0,7099,11.15,1.842,1.682e+05,1.682e+04,nan,nan,9.054,7.924,nan,1.792,883,215
68,1,1054,442,41,1.31e+04,4.523e+04,4.223e+06,102.3,8.997,1.001e+08,1.001e+07,41.1,1.68,67.87,60.76,102.9,33.21,7.435e+04,3590
69,1,1354,449,38,784,987,1.728e+05,18.7,4.406,4.094e+06,4.094e+05,15.97,0.8073,13.69,48.76,38.12,32.61,8917,982.5
70,1,1054,442,41,1.304e+04,4.513e+04,3.321e+06,102.2,8.997,7.868e+07,7.868e+06,32.44,1.029,71.38,48.5,94.01,34.94,5.955e+04,3581
71,1,1054,442,41,1.281e+04,4.486e+04,2.813e+06,101.8,8.997,6.666e+07,6.666e+06,32.17,0.9859,71.54,46.68,92.27,29.08,4.797e+04,2942
72,2,1277,471,33,86,86,2.056e+04,12,2.897,4.87e+05,4.87e+04,7.029,0.3092,19.13,14.1,20.06,8.206,1603,427.1
73,2,1440,616,34,915,1588,8.477e+04,22.07,4.557,2.009e+06,2.009e+05,13.69,0.5873,20.97,13.01,20.26,7.989,3356,492.8
74,2,1410,642,32,73,107,1.367e+04,12.2,2.93,3.238e+05,3.238e+04,5.101,0.1783,10.31,13.22,7.074,6.875,782.6,146.3
75,2,1399,685,32,0,0,9024,11.15,2.131,2.138e+05,2.138e+04,6.791,0.2595,7.344,23.39,11.99,20.5,1041,221
76,1,1145,1318,38,0,0,1.438e+05,11.15,2.316,3.408e+06,3.408e+05,17.53,0.8155,33.55,45.84,61.26,22.28,9773,1054
77,2,1176,1371,35,0,0,1.094e+05,11.15,2.129,2.592e+06,2.592e+05,14.08,0.6587,33.96,29.65,48.48,15.09,7815,979.6
78,2,1179,1414,32,0,0,2.157e+04,11.15,2.128,5.111e+05,5.111e+04,14.23,0.6966,22.23,12.18,20.13,13.83,1650,298.6
79,2,575,1729,32,61,61,9419,11.76,3.164,2.232e+05,2.232e+04,4.765,0.1096,16.93,9.817,11.36,11.62,972.2,170.2
80,1,1054,442,41,1.244e+04,4.437e+04,2.484e+06,101.3,8.997,5.885e+07,5.885e+06,29.61,0.9674,71.37,46.53,92,27.29,4.139e+04,2467
81,1,1054,442,41,1.17e+04,4.314e+04,2.116e+06,99.91,8.997,5.013e+07,5.013e+06,25.65,0.8617,69.84,46.8,91.25,31.07,3.184e+04,1789
82,1,1054,442,41,1.21e+04,4.367e+04,2.297e+06,100.5,8.997,5.442e+07,5.442e+06,28.19,0.9135,70.32,46.82,91.6,28.87,3.79e+04,2353
83,2,1404,525,35,1383,2259,1.997e+05,25.31,4.253,4.731e+06,4.731e+05,11,0.3427,40.74,22.65,46.13,18.37,9276,881
84,2,1426,592,33,291,291,1.371e+04,13.81,3.003,3.247e+05,3.247e+04,nan,nan,20.75,14.09,21.5,7.058,1113,176.2
85,2,1497,619,33,18,18,8970,11.33,2.489,2.125e+05,2.125e+04,6.801,0.3114,12.43,10.27,5.197,8.58,912,179.2
86,2,1443,463,36,504,752,1.059e+05,17.21,3.415,2.509e+06,2.509e+05,11.78,0.4642,47.07,13.81,37.51,31.61,5690,892.9
87,1,1354,449,38,698,901,7.68e+04,18.17,4.406,1.82e+06,1.82e+05,12.14,0.5532,52.35,15.27,42.45,16.14,4172,666
88,2,1313,479,35,301,354,3.203e+04,14.32,3.464,7.589e+05,7.589e+04,6.745,0.2484,12.35,25.36,22.76,17.15,1924,325.5
89,2,1223,1368,37,0,0,1.412e+04,11.15,1.743,3.346e+05,3.346e+04,10.62,0.5058,8.872,11.24,nan,6.082,1552,274.8
90,2,1108,1392,37,0,0,2.032e+04,11.15,2.277,4.816e+05,4.816e+04,9.182,0.4982,13.02,20.6,19.97,13.98,1996,283.7
91,2,1238,1441,34,0,0,1.549e+04,11.15,1.865,3.669e+05,3.669e+04,7.105,0.3276,19.02,12.55,17.91,9.007,1541,235.9
92,1,577,1867,42,9659,2.425e+04,3.25e+06,75.26,7.977,7.701e+07,7.701e+06,32.45,1.395,87.7,118.7,164.9,70.63,8.458e+04,5447
93,1,1131,407,38,3932,1.324e+04,6.168e+05,56.12,8.303,1.461e+07,1.461e+06,16.52,0.6108,29.17,40.99,53.38,17.96,8767,692.9
94,2,1120,449,37,1275,3754,1.818e+05,31.34,8.08,4.307e+06,4.307e+05,13.3,0.5058,11.75,28.28,23.83,5.468,2843,316.6
95,2,1112,509,35,391,436,7.559e+04,14.96,3.108,1.791e+06,1.791e+05,10.33,0.4428,24.64,31.85,41.99,13.59,4854,594.3
96,2,1290,1438,35,0,0,6651,11.15,1.952,1.576e+05,1.576e+04,5.202,0.1949,11.73,8.235,nan,5.86,577.5,122.4
97,1,577,1867,42,8218,2.222e+04,2.175e+06,72.11,7.977,5.152e+07,5.152e+06,30.37,1.238,93.8,60.38,121.1,41.87,5.072e+04,3345
98,1,577,1867,42,6808,2.015e+04,1.585e+06,68.76,7.977,3.754e+07,3.754e+06,27.01,1.112,34.43,58.79,70.98,14.98,3.521e+04,2294
99,1,577,1867,42,6693,2e+04,1.32e+06,68.51,7.977,3.126e+07,3.126e+06,26.9,1.097,35.56,44.65,62.33,13.2,2.977e+04,2082
100,1,577,1867,42,6419,1.968e+04,1.167e+06,67.98,7.977,2.765e+07,2.765e+06,26.74,1.07,34.26,43.25,60.05,14.6,2.504e+04,1783
101,1,577,1867,42,5709,1.825e+04,9.872e+05,65.53,7.977,2.339e+07,2.339e+06,26.68,1.067,32.78,43.05,58.47,15.09,2.023e+04,1487
102,1,577,1867,42,5514,1.798e+04,9.089e+05,65.06,7.977,2.153e+07,2.153e+06,26.5,1.04,32.45,42.73,57.91,10.44,1.776e+04,1227
103,2,1131,407,38,1745,5512,2.912e+05,37.2,8.303,6.9e+06,6.9e+05,13.36,0.5118,30.85,12.83,27.13,18.11,3891,424.1
104,2,1531,705,39,0,0,2.187e+04,11.15,2.381,5.182e+05,5.182e+04,11.63,0.4821,14.43,9.143,6.198,14.95,1614,238.9
105,1,1106,951,38,514,689,2.713e+05,16.78,3.856,6.427e+06,6.427e+05,13.22,0.5577,39.9,26.29,49.62,15.79,1.885e+04,2135
106,2,1106,951,38,514,689,1.131e+05,16.78,3.856,2.681e+06,2.681e+05,9.744,0.343,36.04,12.91,30.31,22.99,5592,615.2
107,2,999,1274,40,0,0,7.278e+04,11.15,1.691,1.724e+06,1.724e+05,17.48,0.8095,42.46,19.9,43.85,13.83,7095,830.2
108,2,1354,449,38,397,544,3.736e+04,15.77,4.406,8.853e+05,8.853e+04,6.593,0.2204,13,30.21,26.98,8.838,1993,307.6
109,2,1120,976,38,0,0,2.042e+04,11.15,2.319,4.837e+05,4.837e+04,8.564,0.3577,12.3,11.01,6.89,5.401,1565,230
110,2,1145,1318,38,0,0,1.09e+04,11.15,2.316,2.583e+05,2.583e+04,8.624,0.3678,13.33,10.99,8.775,10.18,949.9,188.1
111,1,606,1719,44,1371,1960,6.209e+05,23.92,3.479,1.471e+07,1.471e+06,22.1,0.9371,28.45,84.21,77.58,32.72,2.37e+04,1858
112,2,1163,907,42,0,0,9.027e+04,11.15,1.917,2.139e+06,2.139e+05,12.05,0.5168,25.16,27.98,39.37,12.45,8047,1021
113,2,1029,1373,38,0,0,7025,11.15,2.021,1.664e+05,1.664e+04,5.153,0.1831,19.67,6.301,4.153,24.99,949.9,250.9
114,2,781,1539,43,0,0,9.153e+04,11.15,2.13,2.169e+06,2.169e+05,18.99,0.8509,51.29,25.3,55.84,16.87,7936,955.7
115,2,1054,442,41,3105,1.037e+04,5.052e+05,49.93,8.997,1.197e+07,1.197e+06,14.75,0.5593,16.42,35.74,35.22,20.2,6923,504.7
116,2,1177,452,39,187,187,1.694e+04,12.92,2.844,4.013e+05,4.013e+04,5.134,0.1915,12.8,6.012,nan,7.852,1336,221
117,2,1040,1267,39,0,0,7776,11.15,1.763,1.842e+05,1.842e+04,5.11,0.1741,8.047,10.5,nan,8.516,1302,313.6
118,2,1148,1359,39,0,0,7661,11.15,1.877,1.815e+05,1.815e+04,nan,nan,22.64,6.998,10.42,20.75,952.1,224
119,1,626,1655,39,385,423,7.885e+04,14.86,3.281,1.868e+06,1.868e+05,10.59,0.4977,59.83,21.15,55.07,27.85,4876,770.5
120,2,656,1628,41,82,85,3.462e+04,11.99,2.611,8.203e+05,8.203e+04,8.757,0.3913,7.506,14.92,nan,14.66,2138,331.5
121,2,626,1655,39,303,338,3.608e+04,14.2,3.281,8.548e+05,8.548e+04,10.54,0.4905,36.06,9.198,23.8,27.31,2236,403.2
122,2,1166,1100,40,0,0,1.465e+04,11.15,1.895,3.472e+05,3.472e+04,5.152,0.1827,32.08,11.64,26.01,21.84,2575,534.6
123,2,1186,1309,41,0,0,1.96e+04,11.15,1.928,4.644e+05,4.644e+04,6.933,0.2856,17.34,30.69,33.1,18.47,2513,465.9
124,2,1215,1327,41,0,0,3.258e+04,11.15,2.144,7.718e+05,7.718e+04,12.19,0.558,20.18,11.88,17.98,12.11,2517,379.3
125,2,606,1719,44,977,1528,1.414e+05,21.76,3.479,3.349e+06,3.349e+05,15.66,0.7044,14.35,27.87,27.32,13.6,4859,504.7
126,1,451,1824,44,1377,2032,2.671e+05,24.26,3.599,6.328e+06,6.328e+05,21.07,0.9966,43.91,19.74,44.51,25.75,9891,1419
127,2,577,1867,42,692,1316,7.981e+04,20.61,7.977,1.891e+06,1.891e+05,8.502,0.3444,15.74,21.04,23.77,5.075,1543,215
128,2,1085,486,44,452,525,8.063e+04,15.63,2.957,1.91e+06,1.91e+05,12.27,0.5651,22.85,28.75,37.76,11.96,5073,788.4
129,2,684,708,42,345,487,1.481e+05,15.35,4.418,3.508e+06,3.508e+05,13.22,0.4926,81.98,38.18,89.22,41.84,1.153e+04,1980
130,2,1038,1353,41,0,0,1.205e+04,11.15,1.757,2.855e+05,2.855e+04,nan,nan,8.489,23.76,14.92,14.01,1552,259.8
131,1,931,1781,43,0,0,8.813e+04,11.15,2.187,2.088e+06,2.088e+05,10.37,0.4484,15.01,49.47,40.64,31.87,8112,952.7
132,2,515,1741,43,219,257,5.297e+04,13.53,3.079,1.255e+06,1.255e+05,12,0.5051,12,14.18,11.81,8.544,2905,465.9
133,2,931,1781,43,0,0,1.793e+04,11.15,2.187,4.249e+05,4.249e+04,8.746,0.4087,12.4,20.45,18.97,7.629,1494,295.7
134,2,529,1794,45,195,272,4.157e+04,13.65,3.158,9.85e+05,9.85e+04,14.04,0.6568,13.78,11.92,11.12,12.07,2103,424.1
135,2,462,1821,41,353,392,2.773e+04,14.62,3.505,6.569e+05,6.569e+04,5.203,0.1943,20.41,9.813,14.8,16.18,1766,286.7
136,1,1146,755,45,0,0,6.086e+05,11.15,2.096,1.442e+07,1.442e+06,29.82,1.412,95.79,54,115.6,37.02,4.036e+04,4097
137,1,1156,669,52,218,260,1.275e+06,13.55,2.832,3.02e+07,3.02e+06,29.55,1.353,55.11,111.1,126,31.07,7.788e+04,7983
138,2,1075,790,47,0,0,1.085e+05,11.15,2,2.57e+06,2.57e+05,14.33,0.726,53.63,27.16,59.49,26.08,9878,1529
139,2,938,1745,42,0,0,2.14e+04,11.15,2.106,5.069e+05,5.069e+04,8.586,0.3519,24.24,16.06,26.81,13.57,2210,462.9
140,1,1146,755,45,0,0,2.591e+05,11.15,2.096,6.138e+06,6.138e+05,22.51,1.005,31.23,49.5,61.44,19.4,1.619e+04,1457
141,2,553,1736,44,112,114,1.912e+04,12.26,3.175,4.53e+05,4.53e+04,6.777,0.2606,10.62,8.874,nan,4.938,1307,244.9
142,2,570,1784,44,679,1386,9.08e+04,21,4.917,2.151e+06,2.151e+05,9.908,0.3638,18.24,15.09,20.43,5.432,3652,549.5
143,2,451,1824,44,1169,1552,1.196e+05,21.88,3.599,2.835e+06,2.835e+05,14.14,0.6779,43.51,21.52,46.53,24.67,5396,827.2
144,2,1146,755,45,0,0,4.563e+04,11.15,2.096,1.081e+06,1.081e+05,12.14,0.5382,20.09,22.6,29.82,11.74,4442,686.9
145,2,1058,379,47,398,596,2.774e+04,16.14,4,6.571e+05,6.571e+04,8.706,0.3831,14.22,7.669,nan,21.34,1186,203.1
146,2,1156,669,52,218,260,5.109e+05,13.55,2.832,1.211e+07,1.211e+06,23.9,1.018,54.84,24.06,56.37,25.91,2.517e+04,2323
147,2,571,1883,46,236,360,1.992e+04,14.37,5.9,4.72e+05,4.72e+04,5.351,0.2321,12.52,5.633,nan,7.904,526.2,125.4
148,2,848,1968,47,20,20,3.463e+04,11.35,2.657,8.205e+05,8.205e+04,8.467,0.3336,19.8,31.31,36.44,17.81,3280,513.7
149,2,1129,514,52,61,61,3.857e+04,11.76,2.865,9.138e+05,9.138e+04,15.98,0.7992,11.71,25.85,22.13,16.57,2731,570.4
150,2,1155,835,52,0,0,4.004e+04,11.15,1.885,9.486e+05,9.486e+04,14.03,0.6475,12.81,27.98,25.23,11.76,3382,528.6
151,1,1169,780,51,0,0,8.549e+04,11.15,1.98,2.026e+06,2.026e+05,13.88,0.6146,24.24,64.19,61.65,35.37,7813,1144
152,2,1013,1515,47,84,84,5.436e+04,11.98,3.041,1.288e+06,1.288e+05,4.985,0.1485,21.65,42.72,46.19,18.95,6671,869.1
153,2,1169,780,51,0,0,4.344e+04,11.15,1.98,1.029e+06,1.029e+05,11.97,0.5025,20.31,37.16,41.03,14.34,4424,695.8
154,2,1201,1262,52,0,0,5.572e+04,11.15,1.584,1.32e+06,1.32e+05,17.31,0.7797,48.82,14,38.67,22.12,6602,922.8
155,1,857,2207,55,5328,1.024e+04,7.736e+05,49.63,5.705,1.833e+07,1.833e+06,17.66,0.605,48.15,43.4,72.19,18.4,2.735e+04,2813
156,1,857,2207,55,4659,9535,6.575e+05,47.99,5.705,1.558e+07,1.558e+06,17.53,0.5913,47.62,43.18,71.57,18.26,2.057e+04,1798
157,1,857,2207,55,1.147e+04,1.989e+04,1.601e+06,68.33,5.705,3.793e+07,3.793e+06,25.49,1.105,74.49,109.8,145.9,38.86,5.563e+04,4892
158,2,1031,1345,55,0,0,1.01e+05,11.15,1.775,2.392e+06,2.392e+05,13.86,0.6142,36.68,51.27,68.25,19.76,1.185e+04,1281
159,1,1282,1095,73,42,42,1.106e+06,11.57,2.703,2.62e+07,2.62e+06,45.71,2.2,54.63,155,148.6,76.1,5.976e+04,4100
160,1,1282,1095,73,42,42,8.745e+05,11.57,2.703,2.072e+07,2.072e+06,45.79,2.222,51.07,117.4,124.6,54.13,5.096e+04,3805
161,1,900,2301,58,6144,9655,8.094e+05,48.27,5.285,1.918e+07,1.918e+06,22.5,1.026,76.02,42.58,90.8,37.73,2.79e+04,2165
162,2,857,2207,55,1879,3006,1.234e+05,28.48,5.705,2.923e+06,2.923e+05,8.585,0.3564,17.61,24.77,29.02,12.32,4190,498.7
163,2,813,2227,54,130,130,1.687e+04,12.41,3.796,3.996e+05,3.996e+04,5.112,0.1762,12.51,28.91,25.41,17.13,1374,331.5
164,1,1190,988,63,0,0,1.94e+05,11.15,2.182,4.596e+06,4.596e+05,28.38,1.157,19.79,41.79,43.3,16.16,1.531e+04,1571
165,2,1347,1336,67,0,0,9.698e+04,11.15,1.77,2.298e+06,2.298e+05,29.75,1.426,15.94,25.16,27.38,5.757,4845,528.6
166,2,898,2214,55,611,721,2.897e+04,17,5.265,6.864e+05,6.864e+04,5.171,0.1873,9.512,15.3,8.63,12.58,1362,262.8
167,2,1222,1199,58,0,0,3.222e+04,11.15,1.674,7.634e+05,7.634e+04,13.78,0.6004,23.09,14.52,24,10.56,3260,504.7
168,1,1282,1095,73,42,42,4.566e+05,11.57,2.703,1.082e+07,1.082e+06,39.42,2.055,29.46,91.09,82.34,39.49,2.661e+04,2329
169,1,1282,1095,73,42,42,5.66e+05,11.57,2.703,1.341e+07,1.341e+06,39.23,1.984,49.75,92.19,108.7,32.35,3.322e+04,2798
170,1,1317,1202,73,0,0,2.767e+05,11.15,2.166,6.556e+06,6.556e+05,39.78,2.141,31.44,43.02,57.13,19.72,1.563e+04,1419
171,1,1316,1223,66,0,0,1.61e+05,11.15,2.038,3.815e+06,3.815e+05,24.5,1.139,27.77,45.46,55,25.94,1.216e+04,1428
172,1,1282,1095,73,42,42,6.386e+05,11.57,2.703,1.513e+07,1.513e+06,39.28,1.993,50.7,94.06,110.9,47.14,3.816e+04,3193
173,1,900,2301,58,5146,7865,3.194e+05,43.83,5.285,7.567e+06,7.567e+05,10.44,0.4617,70.4,26.51,67.98,42.33,1.41e+04,1720
174,2,900,2301,58,2663,4358,1.56e+05,33.47,5.285,3.696e+06,3.696e+05,10.44,0.4639,26.12,34.98,45.87,16.13,6522,830.2
175,1,990,2329,58,2513,3442,1.431e+05,30.18,4.86,3.391e+06,3.391e+05,8.627,0.3611,33.13,17.98,35.55,17.52,7064,1018
176,2,1178,950,60,0,0,3.519e+04,11.15,1.787,8.337e+05,8.337e+04,13.84,0.6135,27.43,51.19,58.31,21.13,4578,860.1
177,1,1297,1178,64,0,0,8.702e+04,11.15,1.782,2.062e+06,2.062e+05,21.33,1.057,20.76,48.03,48.22,18.45,7432,973.6
178,2,1305,1195,60,0,0,5.33e+04,11.15,1.656,1.263e+06,1.263e+05,15.77,0.7315,9.838,35.5,24.75,28.36,5242,701.8
179,2,1424,1885,58,0,0,1.496e+05,11.15,2.273,3.545e+06,3.545e+05,10.24,0.433,38.41,22.58,44.51,19,1.313e+04,1741
180,2,990,2329,58,777,1053,3.852e+04,19.1,4.86,9.127e+05,9.127e+04,5.25,0.2079,14.74,12.28,12.97,3.213,1732,295.7
181,2,1459,1986,61,557,1090,3.272e+05,19.32,5.805,7.751e+06,7.751e+05,20.28,0.9057,17.16,35.52,36.06,16.12,1.628e+04,1908
182,2,996,2289,58,530,531,1.725e+04,15.67,3.91,4.088e+05,4.088e+04,nan,nan,22.85,13.78,22.84,10.67,1182,218
183,2,888,2408,59,1076,1499,7.868e+04,21.61,4.667,1.864e+06,1.864e+05,6.682,0.244,15.98,32.51,32.6,18.59,3737,573.4
184,2,875,2313,62,481,779,2.885e+04,17.39,3.79,6.835e+05,6.835e+04,8.876,0.433,16.14,7.151,nan,58.68,1222,232.9
185,2,1190,988,63,0,0,8.485e+04,11.15,2.182,2.01e+06,2.01e+05,11.45,0.4033,19.98,28.02,34.19,10.18,5793,576.4
186,2,1297,1178,64,0,0,2.532e+04,11.15,1.782,5.999e+05,5.999e+04,12.5,0.6224,21.33,9.416,14.86,15.63,1802,304.6
187,2,1316,1223,66,0,0,1.236e+04,11.15,2.038,2.928e+05,2.928e+04,6.907,0.2844,18.41,14.27,19.6,10.29,1454,307.6
188,1,1282,1095,73,42,42,1.503e+05,11.57,2.703,3.561e+06,3.561e+05,15.48,0.6804,16.95,48.42,43.11,13.87,9621,1033
189,2,1317,1202,73,0,0,5.811e+04,11.15,2.166,1.377e+06,1.377e+05,15.52,0.7107,14.98,28.73,28.76,12.9,4776,492.8
190,1,1244,1239,74,0,0,1.024e+05,11.15,1.663,2.426e+06,2.426e+05,15.61,0.6969,40.92,21.14,44.45,16.4,8406,964.6
191,2,1317,1313,72,0,0,2.829e+04,11.15,1.652,6.703e+05,6.703e+04,12.17,0.552,13.8,25.63,24.99,13.15,3235,465.9
192,2,1263,1242,72,0,0,2.395e+04,11.15,1.641,5.674e+05,5.674e+04,9.027,0.4576,12.38,29.48,25.58,10.27,2531,415.1
193,2,1282,1095,73,42,42,1.963e+04,11.57,2.703,4.651e+05,4.651e+04,8.645,0.3765,8.617,12.19,nan,10.83,1166,200.1
194,2,1244,1239,74,0,0,3.27e+04,11.15,1.663,7.747e+05,7.747e+04,10.51,0.4741,23.91,17.29,27.96,10.56,2876,433
195,2,1286,1130,73,0,0,8613,11.15,2.277,2.041e+05,2.041e+04,5.144,0.1813,7.977,8.948,nan,4.021,769.3,143.3
