ncl,cltype,maxpix x,maxpix y,maxpix v,Npix,Nvox,lumco,errlumco,COmax,mlumco,errmlumco,meansigv,errsigv,a,b,R,errR,area,perim
0,1,688,1616,21,1.731e+04,1.332e+05,1.67e+07,470.3,28.35,2.246e+07,2.246e+06,61.52,2.534,116.5,90.4,165.9,48.35,4.107e+04,2365
1,1,688,1616,21,1.552e+04,1.146e+05,1.42e+07,436.2,28.35,1.909e+07,1.909e+06,61.68,2.56,111.9,82.62,155.3,44.12,3.539e+04,1953
2,1,688,1616,21,1.05e+04,7.261e+04,9.748e+06,347.3,28.35,1.311e+07,1.311e+06,59,2.347,27.62,89.06,78.67,32.67,2.341e+04,1266
3,2,649,1699,9,1758,1.023e+04,1.671e+06,130.8,21.97,2.248e+06,2.248e+05,35.37,1.744,18.32,22.15,27.6,8.294,3920,462.9
4,1,759,1669,9,4212,2.602e+04,2.82e+06,208.1,19.08,3.792e+06,3.792e+05,51.58,2.63,53.82,14.57,41.98,6.769,9586,800.4
5,2,641,1759,15,492,2072,2.746e+05,59.69,17.95,3.694e+05,3.694e+04,24.08,1.089,8.366,9.154,nan,1.817,1097,206.1
6,1,1315,1342,39,3.04e+04,1.277e+05,5.323e+07,460.4,27.07,7.158e+07,7.158e+06,128.8,6.239,19.86,29.5,35.19,4.659,2.667e+05,9891
7,1,1315,1342,39,3.039e+04,1.277e+05,4.841e+07,460.4,27.07,6.51e+07,6.51e+06,128.5,6.16,19.45,29.44,34.68,9.87,2.384e+05,9300
8,1,1315,1342,39,3.035e+04,1.276e+05,4.768e+07,460.4,27.07,6.413e+07,6.413e+06,128.5,6.145,19.42,29.49,34.69,10.06,2.329e+05,8962
9,1,1315,1342,39,3.039e+04,1.277e+05,4.881e+07,460.4,27.07,6.564e+07,6.564e+06,128.3,6.117,19.49,29.47,34.75,10.5,2.4e+05,9180
10,1,1315,1342,39,3.04e+04,1.277e+05,5.021e+07,460.4,27.07,6.752e+07,6.752e+06,128.4,6.146,19.7,29.47,34.99,6.457,2.527e+05,1.025e+04
11,1,1315,1342,39,3.037e+04,1.277e+05,4.799e+07,460.4,27.07,6.453e+07,6.453e+06,128.5,6.151,19.45,29.5,34.73,10.07,2.355e+05,9150
12,1,1315,1342,39,3.011e+04,1.273e+05,4.385e+07,459.8,27.07,5.897e+07,5.897e+06,126.4,6.023,19.15,29.3,34.24,9.555,2.143e+05,8688
13,1,1315,1342,39,3.011e+04,1.273e+05,4.225e+07,459.7,27.07,5.682e+07,5.682e+06,126.1,5.966,19.01,29.14,33.96,11.61,2.087e+05,8941
14,1,1315,1342,39,3.011e+04,1.273e+05,3.967e+07,459.7,27.07,5.334e+07,5.334e+06,125.8,5.921,19,29.34,34.1,3.523,1.981e+05,9351
15,1,1121,1362,31,2.18e+04,7.97e+04,2.522e+07,363.9,15.79,3.391e+07,3.391e+06,80.92,3.505,146.7,60.25,151.8,83.55,1.393e+05,6400
16,1,1121,1362,31,2.18e+04,7.97e+04,2.446e+07,363.9,15.79,3.289e+07,3.289e+06,68.2,2.849,146.8,60.13,151.7,84.2,1.328e+05,5901
17,1,1121,1362,31,2.18e+04,7.97e+04,2.362e+07,363.9,15.79,3.176e+07,3.176e+06,68.31,2.867,146,60.17,151.3,79.78,1.288e+05,6003
18,1,1315,1342,39,3.011e+04,1.273e+05,3.896e+07,459.7,27.07,5.239e+07,5.239e+06,125.6,5.884,18.98,29.28,34.04,4.613,1.954e+05,9455
19,1,1315,1342,39,3.011e+04,1.273e+05,3.976e+07,459.7,27.07,5.347e+07,5.347e+06,125.6,5.885,19,29.35,34.11,3.649,1.983e+05,9333
20,2,759,1669,9,1939,7354,9.804e+05,111,19.08,1.319e+06,1.319e+05,22.52,1.063,21.36,15.37,23.61,7.101,4323,400.2
21,1,1121,1362,31,2.18e+04,7.97e+04,2.23e+07,363.9,15.79,2.999e+07,2.999e+06,66.63,2.849,146.3,59.68,150.8,69.5,1.215e+05,5737
22,1,1121,1362,31,2.143e+04,7.914e+04,2.132e+07,362.6,15.79,2.867e+07,2.867e+06,66.63,2.847,147,60.73,152.6,44.62,1.131e+05,5005
23,1,1121,1362,31,2.132e+04,7.902e+04,1.948e+07,362.3,15.79,2.62e+07,2.62e+06,66.65,2.849,148.6,61.4,154.3,34.78,1.026e+05,4521
24,1,1121,1362,31,2.093e+04,7.794e+04,1.812e+07,359.8,15.79,2.436e+07,2.436e+06,65.08,2.816,148.1,59.85,152,39.61,9.613e+04,4339
25,1,1121,1362,31,2.071e+04,7.771e+04,1.686e+07,359.3,15.79,2.268e+07,2.268e+06,64.9,2.784,149,60.13,152.9,56.76,8.686e+04,3751
26,1,1121,1362,31,2.143e+04,7.914e+04,2.15e+07,362.6,15.79,2.892e+07,2.892e+06,66.61,2.844,147.5,59.83,151.7,70.28,1.142e+05,5053
27,1,1121,1362,31,2.075e+04,7.776e+04,1.722e+07,359.4,15.79,2.315e+07,2.315e+06,64.92,2.788,148.5,59.96,152.4,60.8,8.892e+04,3867
28,1,1121,1362,31,2.093e+04,7.794e+04,1.874e+07,359.8,15.79,2.521e+07,2.521e+06,65.1,2.815,148.4,61.1,153.8,35.2,9.862e+04,4318
29,1,1121,1362,31,2.075e+04,7.776e+04,1.735e+07,359.4,15.79,2.333e+07,2.333e+06,64.92,2.788,148.3,59.8,152.1,54.31,9.021e+04,3951
30,1,1121,1362,31,2.067e+04,7.766e+04,1.308e+07,359.2,15.79,1.759e+07,1.759e+06,61.39,2.639,152.2,60.02,154.4,81.79,7.151e+04,3817
31,1,1121,1362,31,2.069e+04,7.769e+04,1.313e+07,359.2,15.79,1.766e+07,1.766e+06,61.39,2.641,152,60.1,154.4,85.38,7.211e+04,3936
32,1,1285,1481,20,5180,1.651e+04,2.686e+06,165.9,12.8,3.612e+06,3.612e+05,43.58,1.8,30.16,35.21,49.96,19.43,1.858e+04,1535
33,2,1339,1598,15,0,0,7.423e+04,11.15,5.834,9.982e+04,9982,15.26,0.6629,8.063,13.1,nan,14.21,1583,253.8
34,2,688,1616,21,5936,3.037e+04,4.681e+06,224.8,28.35,6.295e+06,6.295e+05,32.78,1.248,20.14,45.41,45.89,23.42,1.324e+04,976.6
35,2,1305,1424,11,0,0,2.699e+04,11.15,5.694,3.629e+04,3629,6.604,0.2319,9.567,8.936,nan,2.531,1204,286.7
36,1,1285,1481,20,4968,1.617e+04,2.064e+06,164.2,12.8,2.776e+06,2.776e+05,40.33,1.687,18.8,40.01,40.96,8.831,1.45e+04,1284
37,1,1285,1481,20,2156,9145,1.069e+06,123.7,12.8,1.437e+06,1.437e+05,40.26,1.711,17.74,39.03,38.99,11.76,5764,522.6
38,2,1313,1550,13,113,113,1.104e+05,17.66,7.157,1.485e+05,1.485e+04,10.05,0.3994,14.97,19.77,21.71,6.943,2076,235.9
39,1,1285,1481,20,2130,8686,9.182e+05,120.6,12.8,1.235e+06,1.235e+05,30.03,1.222,17.3,35.7,36.35,20.71,5329,510.7
40,2,1242,1412,15,0,0,3.982e+04,11.15,5.903,5.356e+04,5356,10.28,0.4355,19.66,5.751,nan,68.25,747,149.3
41,2,812,1686,25,712,4623,5.808e+05,88.3,16.94,7.811e+05,7.811e+04,31.75,1.278,12.56,11.16,7.75,3.358,1588,221
42,2,1356,1467,15,63,63,4.644e+04,15.13,8.556,6.245e+04,6245,10.17,0.4858,12.32,9.702,2.355,20.21,867.4,155.3
43,2,1278,1439,17,267,542,5.213e+04,32,10.47,7.011e+04,7011,8.658,0.3797,7.179,12.44,nan,5.995,595.3,125.4
44,2,1396,1485,18,0,0,6.948e+04,11.15,6.172,9.344e+04,9344,10.47,0.4793,20.63,13.3,20.36,11.32,1514,262.8
45,2,1285,1481,20,1154,4094,4.268e+05,83.18,12.8,5.74e+05,5.74e+04,18.78,0.8088,15.74,30.39,30.87,9.801,2573,319.6
46,2,1233,1600,19,238,315,3.491e+05,25.44,7.472,4.694e+05,4.694e+04,18.45,0.7533,18.64,22.28,28.05,9.18,5202,594.3
47,2,1347,1396,17,0,0,3.462e+04,11.15,5.494,4.656e+04,4656,5.097,0.1871,10.94,21.28,17.47,14.18,1242,209.1
48,1,1121,1362,31,1.548e+04,6.112e+04,9.667e+06,318.7,15.79,1.3e+07,1.3e+06,46.06,2.014,46.98,102.3,111.3,49,5.046e+04,2518
49,1,1121,1362,31,1.527e+04,6.085e+04,9.155e+06,318,15.79,1.231e+07,1.231e+06,46.03,2.006,46.6,99.74,109.4,45.75,4.807e+04,2407
50,1,1121,1362,31,1.533e+04,6.096e+04,9.286e+06,318.2,15.79,1.249e+07,1.249e+06,46.03,2.008,46.69,100.2,109.8,45.07,4.889e+04,2521
51,1,1121,1362,31,1.524e+04,6.072e+04,8.06e+06,317.6,15.79,1.084e+07,1.084e+06,44.57,1.989,46.23,99.07,108.6,47.63,4.486e+04,2589
52,1,1121,1362,31,1.493e+04,6.025e+04,6.639e+06,316.4,15.79,8.928e+06,8.928e+05,44.57,1.988,39.22,86.74,93.17,37.34,3.895e+04,2530
53,1,1121,1362,31,1.387e+04,5.868e+04,5.932e+06,312.2,15.79,7.978e+06,7.978e+05,44.48,1.97,36.31,88.59,90.5,48.48,3.372e+04,2120
54,1,1121,1362,31,1.332e+04,5.725e+04,5.387e+06,308.4,15.79,7.244e+06,7.244e+05,42.9,1.916,36.25,86.93,89.53,48.32,3.097e+04,2019
55,2,1220,1496,22,332,650,5.109e+04,34.68,8.839,6.87e+04,6870,14.23,0.714,4.469,14.24,nan,4.114,747,170.2
56,1,1121,1362,31,1.287e+04,5.529e+04,4.98e+06,303.1,15.79,6.698e+06,6.698e+05,41.32,1.881,37.77,85.79,90.84,46.36,2.925e+04,2049
57,2,1246,1547,21,181,183,2.388e+05,20.69,7.595,3.212e+05,3.212e+04,12.16,0.5563,15.76,38.1,35.72,12.82,4098,462.9
58,1,1121,1362,31,1.136e+04,4.48e+04,4.085e+06,272.9,15.79,5.493e+06,5.493e+05,38.15,1.789,36.82,85.05,89.25,45.25,2.533e+04,2246
59,1,1121,1362,31,6408,2.5e+04,2.312e+06,204,15.79,3.11e+06,3.11e+05,37.97,1.749,45.81,37.83,65.34,19.97,1.429e+04,1174
60,1,1164,1430,26,3817,1.544e+04,1.431e+06,160.4,13.81,1.925e+06,1.925e+05,31.42,1.517,33.8,14.74,31.72,13.01,8511,1000
61,2,1164,1430,26,2429,1.038e+04,1.017e+06,131.7,13.81,1.368e+06,1.368e+05,24.13,1.091,33.04,13.93,30.1,18.44,5416,630.1
62,1,1164,1430,26,4499,1.686e+04,1.546e+06,167.6,13.81,2.079e+06,2.079e+05,31.47,1.526,33.33,14.87,31.61,16.52,1.003e+04,1245
63,1,1121,1362,31,4724,1.686e+04,1.649e+06,167.7,15.79,2.217e+06,2.217e+05,31.39,1.493,45.16,34.53,61.73,16.99,1.053e+04,931.8
64,2,1125,1325,21,292,838,8.007e+04,38.92,10.92,1.077e+05,1.077e+04,12.31,0.5897,8.147,10.87,nan,4.751,651.1,155.3
65,2,1415,1490,25,20,20,1.169e+05,12.55,6.821,1.573e+05,1.573e+04,16.7,0.6972,17.98,10.42,13.6,10.46,1652,224
66,1,1315,1342,39,8309,4.755e+04,1.362e+07,281.1,27.07,1.832e+07,1.832e+06,87.65,3.791,18.9,29.25,33.91,5.711,5.589e+04,3261
67,1,1315,1342,39,8309,4.755e+04,1.317e+07,281.1,27.07,1.772e+07,1.772e+06,87.47,3.803,18.84,29.16,33.78,3.574,5.399e+04,3327
68,2,1341,1371,23,51,84,5.536e+04,16.24,7.438,7.444e+04,7444,9.808,0.3509,13.69,9.17,4.626,16.28,858.4,149.3
69,2,1185,1511,22,63,101,3.343e+04,17.09,7.621,4.496e+04,4496,8.699,0.3856,9.83,7.209,nan,2.585,528.4,125.4
70,2,1250,1461,25,462,587,5.007e+04,33.14,9.246,6.733e+04,6733,8.802,0.4116,18.65,5.933,nan,27.73,1030,206.1
71,2,1323,1492,24,203,330,5.095e+04,25.92,8.592,6.852e+04,6852,5.356,0.2408,9.608,15.68,9.367,11.02,849.5,164.3
72,2,1366,1520,24,41,41,5.758e+04,13.87,7.08,7.743e+04,7743,8.545,0.3547,11.26,15.34,12.09,9.374,1224,188.1
73,1,1315,1342,39,8258,4.747e+04,1.258e+07,280.9,27.07,1.691e+07,1.691e+06,84.84,3.873,18.86,29.09,33.76,7.817,5.167e+04,3333
74,2,1243,1429,25,729,1090,1.508e+05,43.97,8.757,2.028e+05,2.029e+04,8.786,0.4069,32.01,25.24,42.71,8.988,2535,367.3
75,2,1223,1460,24,475,966,8.65e+04,41.56,10.33,1.163e+05,1.163e+04,10.54,0.4964,12.63,6.88,nan,3.119,1059,179.2
76,1,1337,1464,27,2812,7026,8.861e+05,108.6,10.75,1.192e+06,1.192e+05,18.96,0.8494,27.15,51.1,57.93,24.4,8138,701.8
77,2,1386,1553,24,0,0,4.688e+04,11.15,6.395,6.305e+04,6305,10.45,0.4772,6.102,18.28,nan,54.58,1072,244.9
78,1,1315,1342,39,8132,4.733e+04,1.127e+07,280.5,27.07,1.516e+07,1.516e+06,79.99,3.704,18.53,28.89,33.23,9.416,4.41e+04,2975
79,1,1315,1342,39,8258,4.747e+04,1.147e+07,280.9,27.07,1.543e+07,1.543e+06,81.66,3.818,18.47,28.9,33.17,7.302,4.614e+04,3231
80,1,1121,1362,31,4231,1.417e+04,1.412e+06,153.8,15.79,1.899e+06,1.899e+05,24.22,1.124,44.65,20.61,46.07,23.77,9434,863.1
81,2,1133,1396,25,301,416,4.448e+04,28.54,10.72,5.982e+04,5982,5.175,0.192,15.95,5.35,nan,14.13,671.1,140.4
82,2,1337,1464,27,1478,3294,2.998e+05,74.77,10.75,4.032e+05,4.032e+04,14.09,0.6829,16.73,29.86,31.78,9.824,3296,400.2
83,2,1456,619,30,2316,7205,8.253e+05,109.9,21.79,1.11e+06,1.11e+05,19.58,0.7648,13.38,16.45,16.47,3.851,5313,603.3
84,1,1315,1342,39,8132,4.733e+04,1.031e+07,280.5,27.07,1.386e+07,1.386e+06,79.02,3.795,18.23,28.46,32.56,4.793,3.912e+04,2849
85,1,1315,1342,39,3161,3.146e+04,6.05e+06,228.7,27.07,8.136e+06,8.136e+05,78.16,3.718,18.24,28.48,32.6,3.731,1.33e+04,952.7
86,1,1315,1342,39,3622,3.249e+04,6.388e+06,232.5,27.07,8.591e+06,8.591e+05,78.07,3.677,18.08,28.3,32.28,5.026,1.629e+04,1272
87,2,1385,1394,29,461,1032,3.111e+05,42.86,10.14,4.184e+05,4.184e+04,15.06,0.5947,16.91,31.13,32.87,14.63,3311,430
88,1,1591,1620,28,109,125,1.339e+05,18.21,8.216,1.801e+05,1.801e+04,15.37,0.6738,20.44,37.15,41.18,15.99,2970,510.7
89,2,1591,1620,28,98,114,6.795e+04,17.71,8.216,9.138e+04,9138,10.17,0.4372,20.71,9.474,14.43,18.91,1472,247.9
90,1,1315,1342,39,2296,2.568e+04,3.344e+06,206.7,27.07,4.497e+06,4.497e+05,64.01,2.779,15.85,23.97,26.34,4.861,5840,480.8
91,2,1121,1362,31,1790,5388,5.989e+05,95.21,15.79,8.054e+05,8.054e+04,13.85,0.6276,34.09,14.74,31.9,14.21,3991,510.7
92,2,1006,1054,31,89,99,1.518e+05,16.99,7.974,2.042e+05,2.042e+04,15.15,0.616,18.85,8.046,9.507,11.27,2357,298.6
93,1,1070,1274,30,370,559,4.356e+05,32.43,8.209,5.858e+05,5.858e+04,21.24,1.074,23.13,13.51,22.7,8.679,5287,636.1
94,2,1070,1274,30,370,559,3.918e+05,32.43,8.209,5.269e+05,5.269e+04,19.35,0.9537,22.26,13.25,21.65,9.094,4673,573.4
95,2,1315,1342,39,1658,2.136e+04,2.581e+06,188.6,27.07,3.471e+06,3.471e+05,46.32,1.518,16.59,20.61,24.36,4.772,3697,322.5
96,2,1260,1393,27,15,23,2.4e+04,12.75,6.654,3.228e+04,3228,5.284,0.2189,7.448,10.55,nan,4.463,497.2,113.5
97,2,1114,1423,29,458,603,5.689e+04,33.54,10.37,7.651e+04,7651,5.305,0.2238,6.791,15,nan,14.67,1021,206.1
98,2,1315,1409,28,326,570,4.922e+04,32.71,8.989,6.619e+04,6619,8.859,0.4236,4.76,9.844,nan,3.126,726.9,161.3
99,2,1308,1496,30,0,0,1.006e+05,11.15,5.688,1.353e+05,1.353e+04,15.62,0.7178,18.29,6.778,4.16,45.63,1799,301.6
100,2,1180,1505,32,147,170,6.113e+04,20.16,7.539,8.221e+04,8221,10.63,0.5188,5.24,10.22,nan,1.246,1070,215
101,1,1120,445,33,1296,4052,6.678e+05,82.76,26.19,8.98e+05,8.98e+04,18.72,0.8179,14.34,23.64,24.19,12.61,2890,361.4
102,2,1277,1442,29,226,459,6.762e+04,29.77,9.148,9.094e+04,9094,10.57,0.5102,16.8,9.505,10.56,17.08,851.8,173.2
103,2,1604,1584,30,11,11,4.95e+04,11.94,6.596,6.657e+04,6657,10.08,0.3967,19.37,7.523,8.648,20.25,1148,247.9
104,1,1035,1356,35,113,126,3.096e+05,18.26,7.513,4.163e+05,4.163e+04,17.61,0.8529,16.1,24.47,27.02,14.55,5565,860.1
105,2,1084,1337,33,73,86,2.031e+05,16.34,6.957,2.732e+05,2.732e+04,15.86,0.7678,16.37,24.09,27.05,12.21,3202,486.8
106,2,1239,1452,31,60,61,4.154e+04,15.02,7.161,5.586e+04,5586,10.65,0.5284,7.374,5.142,nan,1.353,996.7,230
107,1,1099,953,34,6503,1.67e+04,7.974e+06,166.9,12.79,1.072e+07,1.072e+06,63.5,2.628,27.82,78.53,73.91,17.46,5.971e+04,3736
108,1,1099,953,34,1237,2036,8.027e+05,59.19,12.79,1.08e+06,1.08e+05,14.88,0.5827,49.64,24.73,54.16,17.59,1.137e+04,970.6
109,1,1099,953,34,6491,1.669e+04,7.067e+06,166.8,12.79,9.503e+06,9.503e+05,61.01,2.623,26.27,56.8,60.27,21.28,5.068e+04,3327
110,1,1099,953,34,1059,1779,3.812e+05,55.47,12.79,5.126e+05,5.126e+04,11.84,0.4892,32.2,8.708,20.75,20.08,4981,516.7
111,2,1217,1364,32,132,157,2.892e+04,19.62,7.374,3.89e+04,3890,6.919,0.2893,16.1,6.169,nan,9.261,575.3,134.4
112,2,1243,1384,32,22,29,2.583e+04,13.13,6.749,3.474e+04,3474,6.839,0.2707,8.81,6.65,nan,1.485,532.9,149.3
113,2,1008,1407,30,23,23,4.311e+04,12.75,6.878,5.798e+04,5798,8.876,0.4509,7.896,9.735,nan,2.198,1104,176.2
114,1,599,1705,39,7203,2.529e+04,2.916e+06,205.2,20.78,3.921e+06,3.921e+05,27.92,1.322,21.83,84.35,67.49,66.24,1.645e+04,1693
115,1,625,1659,35,4229,1.412e+04,1.587e+06,153.5,18.17,2.134e+06,2.134e+05,23.93,1.073,38.99,22.6,44.92,19.39,9483,958.7
116,2,650,1627,36,1197,4148,5.548e+05,83.71,18.09,7.461e+05,7.461e+04,17.05,0.7277,25.34,12.52,22.98,8.728,2669,397.2
117,2,1120,445,33,422,1026,2.063e+05,42.74,26.19,2.774e+05,2.774e+04,8.527,0.3464,14.89,7.958,1.656,50.43,940.9,188.1
118,2,1099,953,34,833,1518,1.752e+05,51.41,12.79,2.356e+05,2.356e+04,10.01,0.3846,25.73,7.818,14.87,6.262,2350,337.5
119,2,1147,966,34,178,257,1.2e+05,23.47,8.311,1.614e+05,1.614e+04,11.98,0.5293,10.1,15.99,10.78,7.559,2051,280.7
120,2,1204,1281,33,0,0,6.529e+04,11.15,6.369,8.78e+04,8780,8.7,0.3851,11.87,14.2,11.62,8.465,1258,188.1
121,2,599,1705,39,1547,5251,6.973e+05,94.01,20.78,9.377e+05,9.377e+04,26.02,1.218,18.4,8.609,10.41,12.21,3449,427.1
122,2,1128,467,33,383,610,1.102e+05,33.71,23.3,1.482e+05,1.482e+04,6.723,0.2468,6.46,10.2,nan,2.945,854,176.2
123,1,1164,824,40,5147,1.454e+04,5.98e+06,155.8,12.5,8.043e+06,8.043e+05,57.68,2.494,26.03,56.53,59.82,18.94,3.669e+04,2309
124,1,1164,824,40,3648,1.173e+04,3.437e+06,140,12.5,4.622e+06,4.622e+05,51.56,2.31,23.83,49.66,53.07,25.71,2.095e+04,1714
125,1,1164,824,40,3543,1.162e+04,2.79e+06,139.3,12.5,3.752e+06,3.752e+05,48.24,2.182,23.93,49.31,52.99,29.71,1.8e+04,1687
126,1,1164,824,40,3208,1.089e+04,2.323e+06,134.9,12.5,3.125e+06,3.125e+05,48.38,2.22,26.86,46.67,54.79,16.35,1.565e+04,1592
127,1,1164,824,40,3289,1.099e+04,2.446e+06,135.5,12.5,3.29e+06,3.29e+05,48.29,2.2,26.72,46.39,54.46,16.15,1.658e+04,1681
128,1,1164,824,40,3787,1.193e+04,3.504e+06,141.2,12.5,4.713e+06,4.713e+05,51.53,2.301,24.51,49.67,53.92,26.48,2.127e+04,1684
129,2,1165,923,37,81,97,5.499e+04,16.89,8.457,7.395e+04,7395,13.94,0.674,7.615,9.103,nan,0.6873,787.1,170.2
130,1,955,1253,39,60,60,6.732e+05,14.96,6.805,9.054e+05,9.054e+04,22.59,1.063,22.27,60.45,56.98,36.01,1.168e+04,1129
131,2,1062,1319,34,0,0,3.736e+04,11.15,6.374,5.024e+04,5024,10.53,0.5025,13.19,7.57,nan,8.804,798.2,158.3
132,2,1147,1319,35,456,837,8.249e+04,38.9,9.241,1.109e+05,1.109e+04,12.25,0.5755,14.42,8.007,nan,41.15,1166,244.9
133,1,1164,824,40,3157,1.084e+04,2.004e+06,134.6,12.5,2.695e+06,2.695e+05,46.95,2.21,27.43,46.85,55.55,14.68,1.293e+04,1323
134,1,1164,824,40,2511,9292,1.214e+06,124.7,12.5,1.632e+06,1.632e+05,45.18,2.122,18.41,26.52,31.3,13.96,7947,866.1
135,1,1164,824,40,2376,9129,1.156e+06,123.6,12.5,1.554e+06,1.554e+05,45.12,2.113,18.36,26.32,31.09,14.1,6805,627.2
136,1,1164,824,40,2804,9908,1.396e+06,128.7,12.5,1.878e+06,1.878e+05,45.13,2.112,14.29,27.68,27.11,8.839,9452,985.5
137,2,1182,915,34,51,51,1.227e+05,14.45,7.036,1.65e+05,1.65e+04,19.59,0.9944,8.659,25.76,16.71,8.283,1795,307.6
138,2,1122,975,34,206,241,3.133e+04,22.9,8.523,4.213e+04,4213,5.084,0.1761,8.387,12.42,nan,10.76,715.7,125.4
139,2,1178,1031,38,0,0,2.716e+05,11.15,6.274,3.653e+05,3.653e+04,12.07,0.537,21.35,43.41,46.25,25.52,6453,677.9
140,2,1107,1155,35,0,0,5.176e+04,11.15,6.265,6.96e+04,6960,8.214,0.3084,16.44,25.71,28.4,10.53,1779,277.7
141,2,1106,1391,34,307,525,4.443e+04,31.55,8.869,5.976e+04,5976,7.048,0.3186,5.692,9.053,nan,2.02,684.5,185.2
142,2,1252,1394,36,0,0,1.97e+04,11.15,5.214,2.649e+04,2649,7.163,0.3544,4.714,11.1,nan,5.018,789.3,164.3
143,2,1519,714,36,279,342,5.318e+04,26.3,11.35,7.152e+04,7152,6.695,0.2414,6.957,19.38,6.775,20.35,1012,191.1
144,2,1145,890,35,355,535,1.185e+05,31.81,8.677,1.594e+05,1.594e+04,8.81,0.4127,10.16,22.21,16.91,10.24,2134,415.1
145,2,1215,1328,37,390,1072,3.114e+05,43.63,9.546,4.187e+05,4.187e+04,17.02,0.7515,20.33,11.85,18.06,7.333,3157,436
146,2,1035,1356,35,40,40,2.595e+04,13.81,7.513,3.49e+04,3490,5.148,0.1859,7.805,10.47,nan,4.352,599.8,128.4
147,2,625,1659,35,471,1087,1.539e+05,43.91,18.17,2.07e+05,2.07e+04,10.34,0.4658,24.92,9.969,18.6,7.254,1050,227
148,1,1174,647,44,5818,1.596e+04,1.796e+06,163.2,12.66,2.415e+06,2.415e+05,37.3,1.902,34.23,55.96,68.92,28.46,1.53e+04,1589
149,2,955,1253,39,41,41,1.309e+05,13.87,6.805,1.76e+05,1.76e+04,12.14,0.5549,18.34,25.38,30.33,13.93,2865,448
150,2,1105,1295,37,0,0,1.905e+04,11.15,5.964,2.562e+04,2562,5.174,0.1937,6.446,11.74,nan,6.962,568.6,131.4
151,2,1285,1403,38,0,0,3.29e+04,11.15,6.066,4.424e+04,4424,8.453,0.3347,7.112,12.08,nan,1.792,771.5,140.4
152,1,1164,824,40,2262,8117,8.099e+05,116.6,12.5,1.089e+06,1.089e+05,24.62,1.196,16,24.64,27.04,12.27,5548,567.4
153,1,1164,824,40,2004,7646,7.418e+05,113.2,12.5,9.976e+05,9.976e+04,24.57,1.184,15.96,24.61,26.98,11.94,4727,459.9
154,2,974,1225,39,19,19,1.455e+05,12.48,6.581,1.957e+05,1.957e+04,12.33,0.5876,21.51,14.71,22.94,9.351,2584,355.4
155,2,1259,1347,39,0,0,2.852e+04,11.15,5.99,3.835e+04,3835,8.759,0.4094,10.09,6.118,nan,3.898,617.6,152.3
156,2,1370,1450,40,0,0,1.984e+05,11.15,5.792,2.669e+05,2.669e+04,15.49,0.691,26.04,16.81,29.08,11.9,3795,349.4
157,2,1164,824,40,862,2522,2.428e+05,65.65,12.5,3.265e+05,3.265e+04,19.36,0.9532,8.501,12.09,nan,2.772,1922,250.9
158,2,1174,847,40,510,1207,1.088e+05,46.12,11.14,1.463e+05,1.463e+04,10.45,0.482,15.81,7.485,1.528,48.53,1137,194.1
159,2,1157,886,42,135,163,5.097e+04,19.87,7.919,6.854e+04,6854,8.702,0.3875,8.905,21.35,13.86,15.96,1124,253.8
160,2,1106,741,42,116,134,3.4e+04,18.62,10.07,4.573e+04,4573,6.763,0.2683,7.448,15.02,nan,13.08,711.3,143.3
161,1,1217,1283,44,0,0,3.08e+05,11.15,5.985,4.142e+05,4.142e+04,22.8,1.099,54.64,11.77,37.27,43.5,5209,743.6
162,2,1217,1283,44,0,0,1.302e+05,11.15,5.985,1.751e+05,1.751e+04,15.54,0.6971,23.96,10.9,19.48,10.6,2364,442
163,2,1174,647,44,951,1751,1.702e+05,55.05,12.66,2.289e+05,2.289e+04,14.18,0.6983,18.4,9.894,13.07,10.31,2120,367.3
164,2,1137,866,42,251,442,4.822e+04,29.29,8.416,6.485e+04,6485,7.085,0.3288,7.351,9.941,nan,3.565,740.3,140.4
165,2,1025,1509,43,84,84,1.681e+05,16.24,7.545,2.26e+05,2.26e+04,6.556,0.2328,21.17,32.61,38.91,11.9,4553,448
166,2,1377,1188,43,0,0,1.814e+04,11.15,5.197,2.439e+04,2439,nan,nan,12.46,8.967,nan,8.281,709.1,155.3
167,1,1138,1301,57,72,78,1.09e+06,15.93,7.013,1.465e+06,1.465e+05,38.26,1.789,108.4,24.14,81.26,23.51,2.011e+04,2004
168,2,1041,1321,50,0,0,4.666e+05,11.15,6.335,6.275e+05,6.275e+04,31.2,1.439,59.13,15.31,45.63,43.5,1.024e+04,1287
169,2,1413,1394,46,0,0,1.164e+05,11.15,5.347,1.565e+05,1.565e+04,22.72,1.119,28.72,20.49,35.28,9.435,3052,462.9
170,2,1179,871,45,87,92,2.729e+04,16.64,7.715,3.67e+04,3670,5.146,0.1873,14.26,6.716,nan,11.28,713.5,137.4
171,2,1152,885,49,130,361,8.118e+04,26.9,8.921,1.092e+05,1.092e+04,17.45,0.8461,8.849,7.457,nan,1.152,769.3,176.2
172,2,1171,1246,47,0,0,7.823e+04,11.15,5.892,1.052e+05,1.052e+04,14.16,0.6948,7.869,11.6,nan,4.083,1592,301.6
173,2,1341,1310,58,475,1657,1.324e+05,53.61,8.331,1.78e+05,1.78e+04,35.69,1.83,5.347,9.564,nan,1.644,1059,218
174,2,1175,803,51,262,511,9.082e+04,31.18,8.931,1.221e+05,1.221e+04,10.44,0.4759,10.31,17.55,12.95,4.566,1209,203.1
175,2,1154,691,52,766,1242,1.143e+05,46.75,11.62,1.537e+05,1.537e+04,10.74,0.545,5.502,15.78,nan,15.17,1708,280.7
176,2,1359,1246,52,0,0,1.118e+05,11.15,5.476,1.504e+05,1.504e+04,17.35,0.8208,20.08,9.417,13.77,7.317,1909,253.8
177,1,1276,1228,54,4510,1.484e+04,3.757e+06,157.3,10.97,5.053e+06,5.053e+05,42.34,2.087,37.41,87.01,91.05,38.64,2.225e+04,1589
178,1,1276,1228,54,4510,1.479e+04,3.088e+06,157.1,10.97,4.153e+06,4.153e+05,42.4,2.099,36.35,85.28,88.78,54.74,1.921e+04,1511
179,1,1276,1228,54,4474,1.476e+04,2.935e+06,156.9,10.97,3.946e+06,3.946e+05,42.41,2.1,35.75,84.64,87.66,55.31,1.808e+04,1410
180,1,1276,1228,54,3284,1.153e+04,2.045e+06,138.8,10.97,2.751e+06,2.751e+05,36.39,1.691,32.25,45.28,59.57,15.59,1.149e+04,821.3
181,2,1135,788,51,147,199,3.761e+04,21.32,8.899,5.058e+04,5058,5.124,0.1802,8.577,14.42,4.077,22.68,668.9,122.4
182,1,1175,947,57,1335,2515,1.35e+06,65.56,10.15,1.815e+06,1.815e+05,27.27,1.197,15.95,79.85,55.27,14.1,1.336e+04,1123
183,2,1181,848,52,200,510,6.358e+04,31.16,9.004,8.551e+04,8551,14.01,0.6696,7.224,10.08,nan,3.949,555.2,110.5
184,1,1175,947,57,1011,2115,4.739e+05,60.28,10.15,6.373e+05,6.373e+04,20.66,0.9328,9.153,11.4,nan,2.14,5293,576.4
185,2,1276,1228,54,1294,4292,3.882e+05,85.13,10.97,5.221e+05,5.221e+04,15.99,0.8002,9.805,33.05,23.36,8.105,2885,406.2
186,2,1138,1301,57,72,78,3.27e+05,15.93,7.013,4.398e+05,4.398e+04,20.05,0.8033,46.06,13.14,35.91,17.97,5476,588.3
187,2,1348,1355,62,990,5749,6.111e+05,98.31,10.87,8.218e+05,8.218e+04,28.83,1.273,17.55,24.34,28.6,8.361,2578,262.8
188,2,1189,931,56,585,1052,8.639e+04,43.24,8.644,1.162e+05,1.162e+04,8.865,0.4258,10.48,17.09,12.77,9.306,1345,224
189,2,1175,947,57,269,816,7.944e+04,38.45,10.15,1.068e+05,1.068e+04,13.9,0.6482,6.729,8.756,nan,1.024,657.8,128.4
190,2,1239,1212,55,36,36,3.619e+04,13.57,7.183,4.868e+04,4868,7.119,0.3374,8.505,9.508,nan,1.455,595.3,140.4
191,2,1461,1992,56,520,890,1.048e+05,40.02,11.8,1.409e+05,1.409e+04,8.542,0.3711,15.03,8.397,4.815,11.78,1416,212
192,2,1185,1004,58,268,341,2.154e+05,26.27,7.451,2.897e+05,2.897e+04,13.9,0.6341,13.65,26.16,25.16,12.22,2368,277.7
193,2,1315,1206,60,447,1141,1.004e+05,44.92,9.481,1.351e+05,1.351e+04,16,0.7973,9.318,18.05,11.58,10.59,996.7,188.1
194,2,1282,1127,59,47,51,3.229e+04,14.45,7.112,4.342e+04,4343,6.902,0.2853,16.8,4.91,nan,14.24,532.9,125.4
195,1,1349,1055,65,6,6,2.845e+05,11.59,6.563,3.826e+05,3.826e+04,19.42,0.9626,21.89,61.27,56.86,27.7,5744,743.6
196,2,1309,1027,60,0,0,5.391e+04,11.15,6.075,7.25e+04,7250,9.165,0.5059,7.831,16.01,4.58,27.39,1090,182.2
197,2,1349,1055,65,6,6,1.808e+05,11.59,6.563,2.431e+05,2.431e+04,19.09,0.8782,15.11,56.75,44.22,9.241,3804,540.5
198,1,1284,1131,66,1190,3224,5.47e+05,73.99,10.34,7.356e+05,7.356e+04,20.59,0.9096,19.07,21.47,27.77,5.261,4723,567.4
199,2,1284,1131,66,1042,3016,4.796e+05,71.62,10.34,6.449e+05,6.449e+04,20.56,0.9051,18.65,21.09,27,4.707,3828,462.9
200,2,1269,1279,65,0,0,6.061e+04,11.15,6.099,8.15e+04,8150,10.54,0.5006,12.2,16.08,14.44,11.18,1215,215
201,2,1243,1253,71,126,135,1.87e+05,18.66,7.353,2.515e+05,2.515e+04,18.75,0.8148,22.37,12.79,21.12,10.8,2007,298.6
202,2,1296,1065,66,148,208,3.648e+04,21.67,8.123,4.906e+04,4906,6.943,0.2946,6.317,10.91,nan,5.177,711.3,155.3
203,2,1283,1273,71,0,0,2.317e+04,11.15,5.167,3.116e+04,3117,6.917,0.2907,11.16,6.354,nan,5.492,775.9,146.3
