ncl,cltype,maxpix x,maxpix y,maxpix v,SGMC,Npix,Nvox,lumco,errlumco,COmax,mlumco,errmlumco,line_ratio,alphaco,meansigv,errsigv,a,b,R,errR,area,perim,density,densityerr,pressure,pressure_err,alphavir,erralphavir
1,2,276,259,57,345,568,3603,3.12e+05,29.8,14.559563,2.037e+06,2.037e+05,6,0.8,19.46,0.7216,36.34,7.912,24.79,10.73,4118,726.1,1055,119.1,2.97e+07,3.874e+07,5.339,2.404
2,2,305,272,49,345,525,3206,2.762e+05,28.75,14.120331,1.803e+06,1.803e+05,6,0.8,15.57,0.2525,9.854,10.48,11.29,1.174,3252,333,4502,467,1.781e+08,5.864e+07,1.759,0.2601
3,2,292,267,48,345,309,2658,2.38e+05,27.22,13.853288,1.553e+06,1.553e+05,6,0.8,20.6,0.2711,7.515,16.29,13.35,10.34,2,249.8,2776,557.4,1.627e+08,3.783e+08,4.224,3.301
4,2,223,246,59,345,524,4201,3.943e+05,31.32,14.564847,2.574e+06,2.574e+05,6,0.8,16.37,0.2693,17.73,12.93,21.46,5.637,323,351.5,178,189.6,4.095e+07,3.256e+07,2.587,0.7322
5,2,245,270,61,345,295,1873,1.508e+05,24.88,13.821342,9.845e+05,9.845e+04,6,0.8,13.77,0.2415,8.446,10.22,9.1,1.338,1931,245.1,3784,420.5,1.453e+08,6.592e+07,2.031,0.3681
6,2,302,263,52,345,306,1705,1.494e+05,24.35,13.652495,9.751e+05,9.751e+04,6,0.8,12.31,0.2243,13.86,9.855,14.69,4.572,1915,240.5,1439,170.5,2.736e+07,2.572e+07,2.644,0.8699
7,2,218,246,64,345,24,1799,1.795e+05,24.65,14.173748,1.172e+06,1.172e+05,6,0.8,13.81,0.2915,12.77,8.804,12.32,3.094,1535,222,2458,288.1,7.006e+07,5.333e+07,2.322,0.6352
8,2,251,294,55,345,412,3429,3.164e+05,29.34,12.126672,2.066e+06,2.066e+05,6,0.8,17.2,0.3897,20.87,12.68,23.54,8.282,2481,272.9,1187,130.1,2.747e+07,2.915e+07,3.903,1.439
9,2,218,199,64,345,506,2803,2.243e+05,27.64,12.497944,1.464e+06,1.464e+05,6,0.8,11.33,0.2639,26.8,9.739,23.33,12.84,2925,319.1,855.9,104.8,8.678e+06,1.436e+07,2.371,1.33
10,2,234,304,64,345,205,1118,8.746e+04,22.4,8.554032,5.71e+05,5.71e+04,6,0.8,14.53,0.2897,11.77,10.3,13.23,4.349,1214,189.6,1038,129.5,3.053e+07,3.028e+07,5.669,1.961
11,2,209,261,56,345,254,1607,1.163e+05,24.04,8.816807,7.592e+05,7.592e+04,6,0.8,14.52,0.292,20.94,9.13,18.97,9.412,1588,235.9,671.5,85.34,1.374e+07,2.05e+07,6.098,3.096
12,2,230,308,67,345,289,188,1.373e+05,24.91,8.169436,8.964e+05,8.964e+04,6,0.8,15,0.353,10.19,17.39,17.97,5.937,1717,245.1,884,101,2.04e+07,2.035e+07,5.225,1.821
13,2,235,316,64,345,446,2042,1.423e+05,25.41,7.483389,9.289e+05,9.289e+04,6,0.8,15.42,0.4171,15.59,12.39,19.1,4.409,3198,356.1,810.3,86.19,1.858e+07,1.304e+07,5.664,1.457
14,2,231,295,59,345,194,1073,7.254e+04,22.25,7.1818275,4.735e+05,4.735e+04,6,0.8,10.75,0.2324,15.18,9.539,15.41,6.836,1284,217.4,634.9,83.89,8.776e+06,1.172e+07,4.357,1.991
15,2,269,328,60,345,416,1248,8.415e+04,22.85,7.390102,5.493e+05,5.493e+04,6,0.8,10.4,0.277,22.8,9.888,21.23,10.53,3016,351.5,388.1,47.41,3.646e+06,5.443e+06,4.844,2.465
16,2,167,232,61,345,258,1217,9.069e+04,22.74,8.348219,5.92e+05,5.92e+04,6,0.8,8.686,0.1432,12.93,16.44,20.4,2.245,1433,194.3,452.9,45.88,3.086e+06,1.069e+06,3.011,0.4586
17,2,197,203,65,345,149,668,4.163e+04,20.78,7.696365,2.717e+05,2.717e+04,6,0.8,8.617,0.1604,9.366,10.6,10.82,2.554,877.1,152.6,738.9,88.31,9.342e+06,6.691e+06,3.424,0.8871
18,2,266,184,60,345,363,2037,1.38e+05,25.39,7.214529,9.011e+05,9.011e+04,6,0.8,11.48,0.2471,13.93,20.11,24.39,7.258,2203,249.8,482.3,51.36,4.803e+06,4.32e+06,4.133,1.31
19,2,261,304,54,345,113,426,2.741e+04,19.86,5.9511027,1.789e+05,1.789e+04,6,0.8,7.845,0.1666,9.2,6.921,4.792,1.117,775.4,148,248,438.7,5.868e+07,4.153e+07,1.909,0.491
20,2,253,188,62,345,421,201,1.382e+05,25.31,6.7139163,9.022e+05,9.022e+04,6,0.8,12.72,0.2852,18.34,13.76,22.84,5.646,2754,379.3,550.5,57.87,7.184e+06,5.386e+06,4.745,1.283
21,2,174,243,61,345,284,1331,8.592e+04,23.13,7.080848,5.609e+05,5.609e+04,6,0.8,13.76,0.3173,12.87,7.454,10.4,1.708,1786,263.6,1649,182.5,5.531e+07,2.791e+07,4.069,0.8043
22,2,279,195,60,345,319,1369,8.104e+04,23.26,6.160658,5.29e+05,5.29e+04,6,0.8,11.74,0.292,23.65,13.15,26.01,11.45,1979,235.9,249,27.93,2.43e+06,3.22e+06,7.843,3.562
23,2,254,204,53,345,18,634,3.968e+04,20.66,5.9407535,2.59e+05,2.59e+04,6,0.8,14.97,0.6516,11.06,7.625,8.809,2.419,1177,194.3,1062,145.5,4.978e+07,4.153e+07,8.826,2.691
24,2,252,184,67,345,212,971,6.488e+04,21.89,6.3129325,4.235e+05,4.235e+04,6,0.8,9.277,0.2752,17.67,8.453,15.79,9.524,1289,217.4,540.5,82.2,5.426e+06,9.837e+06,3.717,2.283
25,2,166,255,64,345,308,1243,7.237e+04,22.83,6.7978196,4.725e+05,4.725e+04,6,0.8,11.71,0.2848,15.7,11.57,18.29,3.514,1786,291.4,449.4,47.11,6.199e+06,3.638e+06,6.144,1.364
26,2,230,261,55,345,9,346,2.177e+04,19.54,5.3245907,1.421e+05,1.421e+04,6,0.8,9.628,0.288,6.517,7.71,nan,3.741,722,138.8,nan,nan,nan,nan,nan,nan
27,2,170,222,58,345,23,1238,7.727e+04,22.81,6.880895,5.044e+05,5.044e+04,6,0.8,13.52,0.3689,15.88,10.42,17.08,3.743,1278,194.3,550.3,58.96,1.085e+07,7.239e+06,7.172,1.771
28,2,237,265,56,345,79,359,2.086e+04,19.59,5.127276,1.362e+05,1.362e+04,6,0.8,11.06,0.2759,8.077,6.929,1.61,6.495,545.5,120.3,1.672e+04,1.256e+05,2.338e+09,2.829e+1,1.674,6.756
29,2,168,198,60,345,262,2031,1.328e+05,25.37,7.2522125,8.667e+05,8.667e+04,6,0.8,16.77,0.3737,9.981,20.24,19.71,8.959,1428,180.4,709.9,86.32,1.865e+07,2.551e+07,7.407,3.463
30,2,278,178,58,345,454,1692,1.007e+05,24.31,5.949531,6.573e+05,6.573e+04,6,0.8,12.08,0.3834,22.16,8.328,18.5,12.55,2888,342.3,611.2,90.85,8.878e+06,1.809e+07,4.756,3.274
31,2,155,205,67,345,53,3845,2.535e+05,30.42,7.464812,1.655e+06,1.655e+05,6,0.8,17.59,0.4265,20.11,14.45,24.95,5.002,2845,319.1,846,87.02,1.932e+07,1.181e+07,5.402,1.238
32,2,261,315,63,345,126,386,2.419e+04,19.7,4.9902387,1.579e+05,1.579e+04,6,0.8,6.226,0.1525,7.951,11.85,10.18,4.665,850.3,138.8,485.1,81.53,3.403e+06,4.695e+06,2.894,1.365
33,2,259,247,53,345,129,403,2.649e+04,19.77,4.716402,1.729e+05,1.729e+04,6,0.8,7.803,0.1964,13.44,10.04,14.53,5.448,941.2,152.6,260.6,32.96,2.011e+06,2.273e+06,5.926,2.319
34,2,282,243,51,345,291,1339,8.262e+04,23.16,4.7368765,5.393e+05,5.393e+04,6,0.8,12.01,0.3056,25.32,14.07,28.21,9.435,2064,286.8,215.7,22.9,2.032e+06,2.051e+06,8.736,3.082
35,2,186,261,60,345,223,783,4.85e+04,21.21,5.3645973,3.166e+05,3.166e+04,6,0.8,8.717,0.2376,19.72,10.4,19.91,9.244,1326,175.8,254.1,31.01,1.786e+06,2.496e+06,5.536,2.646
36,2,204,300,68,345,18,933,5.676e+04,21.75,4.979616,3.705e+05,3.705e+04,6,0.8,12.55,0.3505,12.91,8.466,11.98,6.14,1139,166.5,821.9,133.7,1.992e+07,3.071e+07,5.9,3.099
37,2,253,261,57,345,64,282,1.81e+04,19.29,4.3583517,1.181e+05,1.181e+04,6,0.8,12.47,0.4206,7.858,7.055,1.089,5.33,550.8,129.5,3.172e+04,4.278e+05,8.338e+09,1.224e+11,1.659,8.121
38,2,155,191,62,345,367,2787,1.617e+05,27.59,7.0561213,1.055e+06,1.055e+05,6,0.8,20.89,0.681,12.4,13.78,17.5,1.194,1963,235.9,1097,110.4,5.04e+07,1.195e+07,8.382,1.153
39,2,158,245,64,345,405,193,1.049e+05,25.06,5.771833,6.851e+05,6.851e+04,6,0.8,13.94,0.3836,17.29,10.52,18.32,4.006,2251,296,65,69.05,1.27e+07,8.459e+06,6.017,1.484
40,2,193,264,57,345,144,539,3.192e+04,20.29,4.7849283,2.084e+05,2.084e+04,6,0.8,10.05,0.2307,12.22,9.94,13.25,2.346,925.2,148,377.7,40.7,5.299e+06,2.874e+06,7.432,1.549
41,2,247,177,69,345,106,405,2.327e+04,19.77,5.149436,1.519e+05,1.519e+04,6,0.8,9.067,0.2696,12.24,9.128,12.24,5.075,657.8,134.1,322.6,45.97,3.99e+06,4.982e+06,7.673,3.303
42,2,260,203,57,345,78,297,1.715e+04,19.35,4.5056224,1.119e+05,1.119e+04,6,0.8,10.51,0.3421,5.958,8.221,nan,6.035,534.8,124.9,nan,nan,nan,nan,nan,nan
43,2,181,220,55,345,135,505,2.851e+04,20.16,5.222785,1.861e+05,1.861e+04,6,0.8,10.4,0.3519,11.72,9.359,12.02,2.982,834.3,138.8,409.8,48.19,6.784e+06,5.113e+06,8.085,2.23
44,2,299,315,52,345,146,426,2.496e+04,19.86,4.296035,1.629e+05,1.629e+04,6,0.8,7.108,0.174,7.068,13.25,10.11,5.402,989.4,171.1,507.4,95.12,4.671e+06,7.506e+06,3.631,1.982
45,2,376,242,52,345,166,468,2.568e+04,20.02,5.330501,1.677e+05,1.677e+04,6,0.8,5.447,0.1606,17.7,8.48,15.85,9.628,984,171.1,212.3,32.34,7.318e+05,1.336e+06,3.249,2.009
46,2,197,298,66,345,125,542,3.235e+04,20.31,4.3640895,2.112e+05,2.112e+04,6,0.8,12.41,0.4848,9.743,7.071,6.063,3.42,1,175.8,1829,542.3,8.559e+07,1.453e+08,5.121,2.961
47,2,236,202,57,345,86,209,1.301e+04,18.99,4.259955,8.495e+04,8495,6,0.8,8.456,0.2859,11.19,7.99,9.542,4.149,625.7,120.3,297,50.31,4.1e+06,5.371e+06,9.301,4.197
48,2,245,255,56,345,49,162,1.218e+04,18.8,3.6959069,7.951e+04,7951,6,0.8,9.907,0.3823,7.316,6.44,nan,1.696,433.2,111,nan,nan,nan,nan,nan,nan
49,2,193,185,44,345,23,944,4.873e+04,21.79,4.9682903,3.181e+05,3.181e+04,6,0.8,12.57,0.3577,13.92,9.289,14.01,4.716,1284,185,515.8,63.58,1.071e+07,1.089e+07,8.056,2.866
50,2,320,260,47,345,7,234,1.425e+04,19.09,3.7499106,9.304e+04,9304,6,0.8,9.89,0.3694,10.79,7.304,7.933,6.132,550.8,111,470.6,145.4,1.069e+07,2.482e+07,9.659,7.563
51,2,292,309,56,345,67,156,1.098e+04,18.77,3.6872132,7.17e+04,717,6,0.8,8.55,0.2516,7.353,13,10.36,5.912,615,143.4,212.7,41.08,2.764e+06,4.744e+06,12.23,7.124
52,2,172,188,51,345,175,1471,7.539e+04,23.59,5.184215,4.922e+05,4.922e+04,6,0.8,22.36,0.8081,9.176,8.566,7.901,1.162,962.6,185,251,287.5,2.925e+08,1.341e+08,9.294,1.785
53,2,237,203,48,345,64,186,1.093e+04,18.89,3.9164808,7.137e+04,7137,6,0.8,7.141,0.1731,5.674,10.6,3.701,12.08,454.6,101.8,1658,4391,4.209e+07,4.121e+08,3.063,1
54,2,249,198,79,345,196,661,3.805e+04,20.76,3.767973,2.484e+05,2.484e+04,6,0.8,9.875,0.3183,23.12,8.848,19.88,14.7,1374,212.8,200.1,29.98,1.808e+06,4.016e+06,9.039,6.77
55,2,203,241,67,345,67,243,1.469e+04,19.13,3.7642016,9.591e+04,9591,6,0.8,9.564,0.3151,8.457,7.13,3.746,5.3,492,115.6,2176,2476,9.789e+07,4.157e+08,4.137,5.875
56,2,178,268,67,345,131,395,2.175e+04,19.74,4.038421,1.42e+05,1.42e+04,6,0.8,8.507,0.2509,16.37,7.99,14.15,3.463,914.5,161.9,225.6,25.42,2.126e+06,1.58e+06,8.356,2.263
57,2,213,308,66,345,139,444,2.483e+04,19.93,3.4837463,1.621e+05,1.621e+04,6,0.8,8.586,0.2552,9.228,14.07,14.07,6.529,968,166.5,260.8,36.69,2.517e+06,3.517e+06,7.408,3.545
58,2,249,197,69,345,78,304,1.818e+04,19.37,3.5565932,1.187e+05,1.187e+04,6,0.8,12.06,0.4104,6.618,9.347,4.263,6.746,631.1,157.3,2079,2324,1.305e+08,6.199e+08,6.047,9.597
59,2,225,195,74,345,9,452,2.472e+04,19.96,3.603221,1.614e+05,1.614e+04,6,0.8,13.78,0.403,11.7,6.771,8.006,4.733,700.6,171.1,801.4,194.8,3.501e+07,6.222e+07,10.91,6.573
60,2,243,166,66,345,74,273,1.425e+04,19.25,3.917544,9.303e+04,9303,6,0.8,6.661,0.223,7.357,10.2,7.277,5.121,481.3,106.4,559.2,171.6,6.282e+06,1.328e+07,4.02,2.87
61,2,161,158,62,345,517,2805,1.512e+05,27.64,5.4960103,9.871e+05,9.871e+04,6,0.8,16.7,0.5996,10.46,27.76,24.94,9.269,2765,383.9,505.1,55.33,1.041e+07,1.167e+07,8.163,3.196
62,2,204,180,48,345,204,69,3.333e+04,20.86,3.9833972,2.176e+05,2.176e+04,6,0.8,8.647,0.2729,11.61,16.73,19.18,6.596,1193,189.6,188.3,21.38,1.352e+06,1.404e+06,7.633,2.776
63,2,248,205,72,345,68,35,1.935e+04,19.56,3.2414339,1.263e+05,1.263e+04,6,0.8,12.74,0.3696,10.81,7.605,8.485,5.63,540.1,111,558.5,142.4,1.969e+07,3.927e+07,12.63,8.51
64,2,346,214,59,345,154,391,2.247e+04,19.72,3.5891998,1.467e+05,1.467e+04,6,0.8,11.07,0.3882,15.98,11,17.87,8.909,1182,235.9,146.2,19.06,1.846e+06,2.769e+06,17.29,8.875
65,2,197,174,44,345,114,475,2.212e+04,20.05,4.145995,1.444e+05,1.444e+04,6,0.8,11.14,0.3967,11.08,6.661,7.05,2.436,668.5,134.1,924.7,164.4,2.998e+07,3.13e+07,7.017,2.573
66,2,257,171,49,345,61,207,1.106e+04,18.98,3.5161839,7.222e+04,7222,6,0.8,6.589,0.2115,9.546,6.045,2.681,5.657,417.1,101.8,3198,7559,9.541e+07,6.041e+08,1.867,3.945
67,2,277,201,70,345,56,168,1.252e+04,18.82,2.7812247,8.172e+04,8172,6,0.8,11.51,0.4713,10.6,6.242,5.436,8.537,604.3,143.4,880.3,768,3.955e+07,1.864e+08,10.21,16.09
68,2,285,223,62,345,59,92,9807,18.5,2.5900152,6.402e+04,6402,6,0.8,11.37,0.459,6.85,13.72,10.15,6.533,855.7,189.6,197.7,42.49,4.64e+06,8.977e+06,23.75,15.59
69,2,342,307,58,345,43,102,6533,18.55,2.852571,4.265e+04,4265,6,0.8,5.559,0.1822,6.519,7.592,nan,2.581,374.4,97.13,nan,nan,nan,nan,nan,nan
70,2,270,211,74,345,43,123,1.06e+04,18.63,2.6208382,6.921e+04,6921,6,0.8,10.15,0.3776,11.72,6.156,6.736,2.55,497.4,124.9,485.6,95.18,1.368e+07,1.562e+07,11.61,4.626
71,2,232,261,61,345,3,53,7707,18.34,2.449041,5.031e+04,5031,6,0.8,9.044,0.3431,19.59,6.125,13.11,16.38,582.9,166.5,93.22,28.25,1.072e+06,4.021e+06,24.68,31
72,2,392,223,56,345,139,393,1.684e+04,19.73,3.6041024,1.1e+05,1.1e+04,6,0.8,7.745,0.2708,14.33,5.749,8.505,12.99,743.4,152.6,483.9,265.2,6.288e+06,2.883e+07,5.374,8.236
73,2,171,152,55,345,372,1159,5.15e+04,22.54,4.356145,3.362e+05,3.362e+04,6,0.8,9.036,0.3304,13.77,16.12,21,3.021,1989,291.4,242.6,24.77,1.737e+06,7.799e+05,5.907,1.121
74,2,360,132,60,345,145,435,2.161e+04,19.89,4.1862464,1.411e+05,1.411e+04,6,0.8,9.224,0.3746,19.58,6.073,13,9.587,775.4,171.1,265.9,52.52,3.207e+06,7.11e+06,9.075,6.796
75,2,300,221,64,345,45,73,6386,18.42,2.209469,4.169e+04,4169,6,0.8,5.535,0.1749,12.96,5.168,5.627,11.27,508.1,124.9,419.1,449.6,4.203e+06,2.527e+07,4.789,9.613
76,2,344,196,55,345,72,118,8292,18.61,2.5444155,5.413e+04,5413,6,0.8,6.838,0.2584,5.387,11.32,3.976,14.3,716.6,217.4,109,2961,2.362e+07,2.549e+08,3.978,14.32
77,2,315,195,54,345,34,73,8493,18.42,2.3056626,5.544e+04,5544,6,0.8,9.259,0.3698,15.92,5.756,9.844,10.06,593.6,157.3,182.1,59.6,2.922e+06,8.97e+06,17.63,18.16
78,2,381,337,64,345,135,461,1.697e+04,19.99,2.8041186,1.108e+05,1.108e+04,6,0.8,12.84,0.5328,9.495,5.056,nan,9.555,732.7,171.1,nan,nan,nan,nan,nan,nan
79,2,120,455,64,345,77,22,2.372e+04,19.03,9.115089,1.548e+05,1.548e+04,6,0.8,13.23,0.6197,4.266,5.616,nan,0.3957,411.8,129.5,nan,nan,nan,nan,nan,nan
80,2,226,134,51,345,201,498,1.918e+04,20.14,3.0413992,1.252e+05,1.252e+04,6,0.8,10.65,0.4697,5.354,18.78,10.97,12.06,1102,259,331.1,104.9,6.303e+06,2.081e+07,11.5,12.74
81,2,156,479,59,345,257,1002,1.081e+05,22,8.800537,7.056e+05,7.056e+04,6,0.8,11.61,0.4785,24.56,8.94,20.85,13.6,1374,245.1,516.5,70.81,6.147e+06,1.205e+07,4.612,3.066
82,2,276,222,69,345,4,47,1.066e+04,18.31,1.8898783,6.962e+04,6962,6,0.8,5.871,0.2393,20.04,7.328,15.58,9.366,780.8,157.3,91.26,13.96,3.718e+05,6.721e+05,8.935,5.493
83,2,153,402,60,345,213,512,2.542e+04,20.19,3.7706878,1.659e+05,1.659e+04,6,0.8,8.153,0.3362,29.42,10.89,26.49,18.76,1139,291.4,75.28,9.65,3.48e+05,7.405e+05,12.29,8.845
84,2,306,448,62,345,128,42,2.337e+04,19.83,4.1168623,1.525e+05,1.525e+04,6,0.8,10.31,0.3959,15.09,6.255,10.2,8.424,684.5,157.3,466.7,122.6,8.965e+06,2.224e+07,8.238,6.883
85,2,294,121,68,345,12,414,1.647e+04,19.81,3.0354085,1.075e+05,1.075e+04,6,0.8,10.91,0.5214,6.174,11.43,6.417,9.785,641.8,166.5,831.4,598.6,2.839e+07,1.299e+08,8.219,12.59
86,2,156,393,62,345,88,246,1.122e+04,19.14,3.4321616,7.321e+04,7321,6,0.8,7.021,0.2915,12.39,5.9,6.919,12.44,470.6,120.3,486.7,382.4,6.386e+06,3.444e+07,5.395,9.721
87,2,104,417,64,345,97,204,1.818e+04,18.97,6.211,1.187e+05,1.187e+04,6,0.8,9.367,0.3884,12.93,4.7,3.911,12.33,518.7,148,247,5979,1.021e+08,9.657e+08,3.349,10.57
88,2,129,452,63,345,103,243,2.173e+04,19.13,6.9331713,1.418e+05,1.418e+04,6,0.8,8.479,0.4082,4.571,14.39,5.344,6.406,550.8,166.5,1581,1076,3.918e+07,1.41e+08,3.137,3.786
89,2,339,462,61,345,255,526,3.378e+04,20.24,4.7845793,2.205e+05,2.205e+04,6,0.8,9.446,0.4058,36.81,4.036,15.72,39.84,1364,346.9,283.9,140.1,2.967e+06,2.256e+07,7.369,18.7
90,2,398,399,59,345,117,339,1.788e+04,19.51,3.5987046,1.167e+05,1.167e+04,6,0.8,10.64,0.4631,7.634,5.602,nan,3.453,625.7,143.4,nan,nan,nan,nan,nan,nan
